KACAT Mission Control
Waiting for RADIO handshakeTelemetry: OK
Frequency: radio get freq
868100000

Bandwidth: radio get bw
125

Sync word: radio get sync
34

Spreading factor: radio get sf
sf7

Chirp rate: radio get cr
4/5

Radio info:
Starting flight
broadcasting
sending telemetry
0,7.51,47.27,0.000000,0.000000,16.829222,5573068.000000,0.000000,0.000000,1003.02,24.28,32.49,0.61,18.69,-105.70,10.96,8.75,-15.20,0,1000.00,*601152.00,
broadcasting
sending telemetry
1,8.91,47.27,0.000000,0.000000,16.829222,5573068.000000,0.000000,0.000000,1003.05,24.52,32.56,0.61,18.69,-105.70,10.96,8.75,-15.20,0,1000.00,*CA1152.00,
broadcasting
sending telemetry
2,10.31,47.27,0.000000,0.000000,16.829222,5573068.000000,0.000000,0.000000,1003.04,24.56,32.58,0.61,18.69,-105.70,10.96,8.75,-15.20,0,1000.00,*BA1160.00,
broadcasting
sending telemetry
3,11.71,47.91,0.000000,0.000000,16.829222,5573068.000000,0.000000,0.000000,1003.03,24.58,32.50,0.61,18.69,-105.70,10.96,8.75,-15.20,0,1000.00,*D91160.00,
broadcasting
sending telemetry
4,13.11,47.27,0.000000,0.000000,16.829222,5573068.000000,0.000000,0.000000,1003.02,24.60,32.52,0.61,18.69,-105.70,10.96,8.75,-15.20,0,1000.00,*7D1160.00,
broadcasting
sending telemetry
5,14.51,47.91,0.000000,0.000000,16.829222,5573068.000000,0.000000,0.000000,1003.02,24.62,32.51,0.61,18.69,-105.70,10.96,8.75,-15.20,0,1000.00,*DD1160.00,
broadcasting
sending telemetry
6,15.91,47.91,0.000000,0.000000,16.829222,5573068.000000,0.000000,0.000000,1003.05,24.63,32.49,0.61,18.69,-105.70,10.96,8.75,-15.20,0,1000.00,*791160.00,
broadcasting
sending telemetry
7,17.31,47.91,0.000000,0.000000,16.829222,5573068.000000,0.000000,0.000000,1003.02,24.65,32.68,0.61,18.69,-105.70,10.96,8.75,-15.20,0,1000.00,*221160.00,
broadcasting
sending telemetry
8,18.71,47.91,0.000000,0.000000,16.829222,5573068.000000,0.000000,0.000000,1003.04,24.67,32.89,0.61,18.69,-105.70,10.96,8.75,-15.20,0,1000.00,*5E1160.00,
broadcasting
sending telemetry
9,20.11,48.55,0.000000,0.000000,16.829222,5573068.000000,0.000000,0.000000,1003.05,24.69,32.90,0.61,18.69,-105.70,10.96,8.75,-15.20,0,1000.00,*FC1160.00,
broadcasting
sending telemetry
10,21.51,47.91,0.000000,0.000000,16.829222,5573068.000000,0.000000,0.000000,1003.05,24.71,32.92,0.61,18.69,-105.70,10.96,8.75,-15.20,0,1000.00,*B01168.00,
broadcasting
sending telemetry
11,22.91,47.91,0.000000,0.000000,16.829222,5573068.000000,0.000000,0.000000,1003.05,24.72,33.05,0.61,18.69,-105.70,10.96,8.75,-15.20,0,1000.00,*AB1168.00,
broadcasting
sending telemetry
12,24.31,47.91,0.000000,0.000000,16.829222,5573068.000000,0.000000,0.000000,1003.05,24.74,33.20,0.61,18.69,-105.70,10.96,8.75,-15.20,0,1000.00,*B21168.00,
broadcasting
sending telemetry
13,25.71,47.91,0.000000,0.000000,16.829222,5573068.000000,0.000000,0.000000,1003.04,24.76,33.26,0.61,18.69,-105.70,10.96,8.75,-15.20,0,1000.00,*E21168.00,
broadcasting
sending telemetry
14,27.11,48.55,0.000000,0.000000,16.829222,5573068.000000,0.000000,0.000000,1003.02,24.77,33.11,0.61,18.69,-105.70,10.96,8.75,-15.20,0,1000.00,*901168.00,
broadcasting
sending telemetry
15,28.51,48.55,0.000000,0.000000,16.829222,5573068.000000,0.000000,0.000000,1003.04,24.78,32.80,0.61,18.69,-105.70,10.96,8.75,-15.20,0,1000.00,*351168.00,
broadcasting
sending telemetry
16,29.91,48.55,0.000000,0.000000,16.829222,5573068.000000,0.000000,0.000000,1003.02,24.79,32.55,0.61,18.69,-105.70,10.96,8.75,-15.20,0,1000.00,*C81168.00,
broadcasting
sending telemetry
17,31.31,48.55,0.000000,0.000000,16.829222,5573068.000000,0.000000,0.000000,1003.01,24.80,32.47,0.61,18.69,-105.70,10.96,8.75,-15.20,0,1000.00,*721168.00,
broadcasting
sending telemetry
18,32.71,48.55,0.000000,0.000000,16.829222,5573068.000000,0.000000,0.000000,1003.02,24.81,32.53,0.61,18.69,-105.70,10.96,8.75,-15.20,0,1000.00,*EA1168.00,
broadcasting
sending telemetry
19,34.11,48.55,0.000000,0.000000,16.829222,5573068.000000,0.000000,0.000000,1002.99,24.82,32.26,0.61,18.69,-105.70,10.96,8.75,-15.20,0,1000.00,*951168.00,
broadcasting
sending telemetry
20,35.51,48.55,0.000000,0.000000,16.829222,5573068.000000,0.000000,0.000000,1003.02,24.82,32.15,0.61,18.69,-105.70,10.96,8.75,-15.20,0,1000.00,*401168.00,
broadcasting
sending telemetry
21,36.91,48.55,0.000000,0.000000,16.829222,5573068.000000,0.000000,0.000000,1003.00,24.84,32.08,0.61,18.69,-105.70,10.96,8.75,-15.20,0,1000.00,*FD1168.00,
broadcasting
sending telemetry
