SGP: OK
Collected data
2,10.43,49.82,47.445023,19.183130,195.970596,22096.312500,0.00,0.000000,1004.13,30.41,18.14,0.61,18.69,41.41,-30.45,8.75,-15.20,0,1000.00,*251128.00,
2,10.43,49.82,47.445023,19.183130,195.970596,22096.312500,0.00,0.000000,1004.13,30.41,18.14,0.61,18.69,41.41,-30.45,8.75,-15.20,0,1000.00,*251128.00,
broadcasting
sending telemetry
SGP: OK
Collected data
3,11.83,49.82,47.445023,19.183132,195.970764,22096.351562,0.00,0.000000,1004.11,30.48,18.15,0.61,18.69,41.41,-30.45,8.75,-15.20,0,1000.00,*681128.00,
3,11.83,49.82,47.445023,19.183132,195.970764,22096.351562,0.00,0.000000,1004.11,30.48,18.15,0.61,18.69,41.41,-30.45,8.75,-15.20,0,1000.00,*681128.00,
broadcasting
sending telemetry
SGP: OK
Collected data
4,13.23,49.82,47.445023,19.183134,195.971039,22096.343750,0.00,0.000000,1004.11,30.50,18.60,0.61,18.69,41.41,-30.45,8.75,-15.20,0,1000.00,*731128.00,
4,13.23,49.82,47.445023,19.183134,195.971039,22096.343750,0.00,0.000000,1004.11,30.50,18.60,0.61,18.69,41.41,-30.45,8.75,-15.20,0,1000.00,*731128.00,
broadcasting
sending telemetry
SGP: OK
Collected data
5,14.63,50.45,47.445023,19.183134,195.971161,22096.375000,0.00,0.000000,1004.12,30.45,20.29,0.61,18.69,41.41,-30.45,8.75,-15.20,0,1000.00,*D31128.00,
5,14.63,50.45,47.445023,19.183134,195.971161,22096.375000,0.00,0.000000,1004.12,30.45,20.29,0.61,18.69,41.41,-30.45,8.75,-15.20,0,1000.00,*D31128.00,
broadcasting
sending telemetry
SGP: OK
Collected data
6,16.02,49.82,47.445023,19.183134,195.971283,22096.427734,0.00,0.000000,1004.11,30.49,21.28,0.61,18.69,41.41,-30.45,8.75,-15.20,0,1000.00,*831128.00,
6,16.02,49.82,47.445023,19.183134,195.971283,22096.427734,0.00,0.000000,1004.11,30.49,21.28,0.61,18.69,41.41,-30.45,8.75,-15.20,0,1000.00,*831128.00,
broadcasting
sending telemetry
SGP: OK
Collected data
7,17.42,50.45,47.445023,19.183134,195.971283,22096.427734,0.00,0.000000,1004.15,30.58,20.64,0.61,18.69,41.41,-30.45,8.75,-15.20,0,1000.00,*DF1128.00,
7,17.42,50.45,47.445023,19.183134,195.971283,22096.427734,0.00,0.000000,1004.15,30.58,20.64,0.61,18.69,41.41,-30.45,8.75,-15.20,0,1000.00,*DF1128.00,
broadcasting
sending telemetry
SGP: OK
Collected data
8,18.82,49.82,47.445023,19.183134,195.971283,22096.427734,0.00,0.000000,1004.13,30.66,20.54,0.61,18.69,41.41,-30.45,8.75,-15.20,0,1000.00,*A51128.00,
8,18.82,49.82,47.445023,19.183134,195.971283,22096.427734,0.00,0.000000,1004.13,30.66,20.54,0.61,18.69,41.41,-30.45,8.75,-15.20,0,1000.00,*A51128.00,
broadcasting
sending telemetry
SGP: OK
Collected data
9,20.22,50.45,47.445023,19.183134,195.971283,22096.427734,0.00,0.000000,1004.14,30.72,20.19,0.61,18.69,41.41,-30.45,8.75,-15.20,0,1000.00,*561128.00,
9,20.22,50.45,47.445023,19.183134,195.971283,22096.427734,0.00,0.000000,1004.14,30.72,20.19,0.61,18.69,41.41,-30.45,8.75,-15.20,0,1000.00,*561128.00,
broadcasting
sending telemetry
SGP: OK
Collected data
10,21.62,50.45,47.445023,19.183134,195.971283,22096.427734,0.00,0.000000,1004.12,30.73,20.10,0.61,18.69,41.41,-30.45,8.75,-15.20,0,1000.00,*8A1136.00,
10,21.62,50.45,47.445023,19.183134,195.971283,22096.427734,0.00,0.000000,1004.12,30.73,20.10,0.61,18.69,41.41,-30.45,8.75,-15.20,0,1000.00,*8A1136.00,
broadcasting
sending telemetry
SGP: OK
Collected data
11,23.02,50.45,47.445023,19.183134,195.971283,22096.427734,0.00,0.000000,1004.13,30.74,20.37,0.61,18.69,41.41,-30.45,8.75,-15.20,0,1000.00,*AE1136.00,
11,23.02,50.45,47.445023,19.183134,195.971283,22096.427734,0.00,0.000000,1004.13,30.74,20.37,0.61,18.69,41.41,-30.45,8.75,-15.20,0,1000.00,*AE1136.00,
broadcasting
sending telemetry
SGP: OK
Collected data
12,24.42,51.09,47.445023,19.183134,195.971283,22096.427734,0.00,0.000000,1004.14,30.76,20.86,0.61,18.69,41.41,-30.45,8.75,-15.20,0,1000.00,*CC1136.00,
12,24.42,51.09,47.445023,19.183134,195.971283,22096.427734,0.00,0.000000,1004.14,30.76,20.86,0.61,18.69,41.41,-30.45,8.75,-15.20,0,1000.00,*CC1136.00,
broadcasting
sending telemetry
SGP: OK
Collected data
13,25.82,50.45,47.445023,19.183134,195.971283,22096.427734,0.00,0.000000,1004.11,30.81,20.61,0.61,18.69,41.41,-30.45,8.75,-15.20,0,1000.00,*301136.00,
13,25.82,50.45,47.445023,19.183134,195.971283,22096.427734,0.00,0.000000,1004.11,30.81,20.61,0.61,18.69,41.41,-30.45,8.75,-15.20,0,1000.00,*301136.00,
broadcasting
sending telemetry
SGP: OK
Collected data
14,27.22,50.45,47.445023,19.183134,195.971283,22096.427734,0.00,0.000000,1004.12,30.79,19.41,0.61,18.69,41.41,-30.45,8.75,-15.20,0,1000.00,*E41136.00,
14,27.22,50.45,47.445023,19.183134,195.971283,22096.427734,0.00,0.000000,1004.12,30.79,19.41,0.61,18.69,41.41,-30.45,8.75,-15.20,0,1000.00,*E41136.00,
broadcasting
sending telemetry
SGP: OK
Collected data
15,28.62,51.09,47.445023,19.183134,195.971283,22096.427734,0.00,0.000000,1004.13,30.78,19.28,0.61,18.69,41.41,-30.45,8.75,-15.20,0,1000.00,*C81136.00,
15,28.62,51.09,47.445023,19.183134,195.971283,22096.427734,0.00,0.000000,1004.13,30.78,19.28,0.61,18.69,41.41,-30.45,8.75,-15.20,0,1000.00,*C81136.00,
broadcasting
sending telemetry
SGP: OK
Collected data
16,30.02,50.45,47.445023,19.183134,195.971283,22096.427734,0.00,0.000000,1004.13,30.75,20.00,0.61,18.69,41.41,-30.45,8.75,-15.20,0,1000.00,*611136.00,
16,30.02,50.45,47.445023,19.183134,195.971283,22096.427734,0.00,0.000000,1004.13,30.75,20.00,0.61,18.69,41.41,-30.45,8.75,-15.20,0,1000.00,*611136.00,
broadcasting
sending telemetry
SGP: OK
Collected data
17,31.42,50.45,47.445011,19.183149,195.974731,22095.669922,0.00,0.000000,1004.13,30.70,20.05,0.61,18.69,41.41,-30.45,8.75,-15.20,0,1000.00,*C41136.00,
17,31.42,50.45,47.445011,19.183149,195.974731,22095.669922,0.00,0.000000,1004.13,30.70,20.05,0.61,18.69,41.41,-30.45,8.75,-15.20,0,1000.00,*C41136.00,
broadcasting
sending telemetry
SGP: OK
Collected data
18,32.81,50.45,47.445011,19.183149,195.974884,22095.568359,0.00,0.000000,1004.14,30.70,19.94,0.61,18.69,41.41,-30.45,8.75,-15.20,0,1000.00,*3B1136.00,
18,32.81,50.45,47.445011,19.183149,195.974884,22095.568359,0.00,0.000000,1004.14,30.70,19.94,0.61,18.69,41.41,-30.45,8.75,-15.20,0,1000.00,*3B1136.00,
broadcasting
sending telemetry
SGP: OK
Collected data
19,34.22,50.45,47.445011,19.183149,195.975189,22095.429688,0.00,0.000000,1004.12,30.68,19.38,0.61,18.69,41.41,-30.45,8.75,-15.20,0,1000.00,*8C1136.00,
19,34.22,50.45,47.445011,19.183149,195.975189,22095.429688,0.00,0.000000,1004.12,30.68,19.38,0.61,18.69,41.41,-30.45,8.75,-15.20,0,1000.00,*8C1136.00,
broadcasting
sending telemetry
SGP: OK
Collected data
20,35.61,51.09,47.445011,19.183151,195.975235,22095.455078,0.00,0.000000,1004.11,30.63,19.35,0.61,18.69,41.41,-30.45,8.75,-15.20,0,1000.00,*3F1136.00,
20,35.61,51.09,47.445011,19.183151,195.975235,22095.455078,0.00,0.000000,1004.11,30.63,19.35,0.61,18.69,41.41,-30.45,8.75,-15.20,0,1000.00,*3F1136.00,
broadcasting
sending telemetry
SGP: OK
Collected data
21,37.01,50.45,47.445011,19.183151,195.975235,22095.455078,0.00,0.000000,1004.12,30.48,19.28,0.61,18.69,41.41,-30.45,8.75,-15.20,0,1000.00,*A21136.00,
21,37.01,50.45,47.445011,19.183151,195.975235,22095.455078,0.00,0.000000,1004.12,30.48,19.28,0.61,18.69,41.41,-30.45,8.75,-15.20,0,1000.00,*A21136.00,
broadcasting
sending telemetry
SGP: OK
Collected data
22,38.41,51.09,47.445011,19.183151,195.975235,22095.455078,0.00,0.000000,1004.12,30.37,19.41,0.61,18.69,41.41,-30.45,8.75,-15.20,0,1000.00,*B91136.00,
22,38.41,51.09,47.445011,19.183151,195.975235,22095.455078,0.00,0.000000,1004.12,30.37,19.41,0.61,18.69,41.41,-30.45,8.75,-15.20,0,1000.00,*B91136.00,
broadcasting
sending telemetry
SGP: OK
Collected data
23,39.81,50.45,47.445011,19.183151,195.975235,22095.455078,0.00,0.000000,1004.12,30.39,19.29,0.61,18.69,41.41,-30.45,8.75,-15.20,0,1000.00,*1C1136.00,
23,39.81,50.45,47.445011,19.183151,195.975235,22095.455078,0.00,0.000000,1004.12,30.39,19.29,0.61,18.69,41.41,-30.45,8.75,-15.20,0,1000.00,*1C1136.00,
broadcasting
sending telemetry
SGP: OK
Collected data
24,41.21,50.45,47.445011,19.183151,195.975235,22095.455078,0.00,0.000000,1004.14,30.34,19.14,0.61,18.69,41.41,-30.45,8.75,-15.20,0,1000.00,*1B1136.00,
24,41.21,50.45,47.445011,19.183151,195.975235,22095.455078,0.00,0.000000,1004.14,30.34,19.14,0.61,18.69,41.41,-30.45,8.75,-15.20,0,1000.00,*1B1136.00,
broadcasting
sending telemetry
SGP: OK
Collected data
25,42.61,51.09,47.445011,19.183151,195.975235,22095.455078,0.00,0.000000,1004.14,30.36,19.31,0.61,18.69,41.41,-30.45,8.75,-15.20,0,1000.00,*C51136.00,
25,42.61,51.09,47.445011,19.183151,195.975235,22095.455078,0.00,0.000000,1004.14,30.36,19.31,0.61,18.69,41.41,-30.45,8.75,-15.20,0,1000.00,*C51136.00,
broadcasting
sending telemetry
SGP: OK
Collected data
26,44.01,51.09,47.445011,19.183151,195.975235,22095.455078,0.00,0.000000,1004.15,30.31,19.27,0.61,18.69,41.41,-30.45,8.75,-15.20,0,1000.00,*EB1136.00,
26,44.01,51.09,47.445011,19.183151,195.975235,22095.455078,0.00,0.000000,1004.15,30.31,19.27,0.61,18.69,41.41,-30.45,8.75,-15.20,0,1000.00,*EB1136.00,
broadcasting
sending telemetry
SGP: OK
Collected data
27,45.41,51.09,47.445011,19.183151,195.975235,22095.455078,0.00,0.000000,1004.12,30.26,18.93,0.61,18.69,41.41,-30.45,8.75,-15.20,0,1000.00,*601136.00,
27,45.41,51.09,47.445011,19.183151,195.975235,22095.455078,0.00,0.000000,1004.12,30.26,18.93,0.61,18.69,41.41,-30.45,8.75,-15.20,0,1000.00,*601136.00,
broadcasting
sending telemetry
SGP: OK
Collected data
28,46.81,51.09,47.445011,19.183151,195.975235,22095.455078,0.00,0.000000,1004.11,30.24,19.21,0.61,18.69,41.41,-30.45,8.75,-15.20,0,1000.00,*411136.00,
28,46.81,51.09,47.445011,19.183151,195.975235,22095.455078,0.00,0.000000,1004.11,30.24,19.21,0.61,18.69,41.41,-30.45,8.75,-15.20,0,1000.00,*411136.00,
broadcasting
sending telemetry
SGP: OK
Collected data
29,48.21,50.45,47.445011,19.183151,195.975235,22095.455078,0.00,0.000000,1004.13,30.29,19.89,0.61,18.69,41.41,-30.45,8.75,-15.20,0,1000.00,*781136.00,
29,48.21,50.45,47.445011,19.183151,195.975235,22095.455078,0.00,0.000000,1004.13,30.29,19.89,0.61,18.69,41.41,-30.45,8.75,-15.20,0,1000.00,*781136.00,
broadcasting
sending telemetry
SGP: OK
Collected data
30,49.61,51.09,47.445011,19.183151,195.975235,22095.455078,0.00,0.000000,1004.11,30.45,20.21,0.61,18.69,41.41,-30.45,8.75,-15.20,0,1000.00,*BF1136.00,
30,49.61,51.09,47.445011,19.183151,195.975235,22095.455078,0.00,0.000000,1004.11,30.45,20.21,0.61,18.69,41.41,-30.45,8.75,-15.20,0,1000.00,*BF1136.00,
broadcasting
sending telemetry
SGP: OK
Collected data
31,51.01,51.09,47.445011,19.183151,195.975235,22095.455078,0.00,0.000000,1004.14,30.52,19.93,0.61,18.69,41.41,-30.45,8.75,-15.20,0,1000.00,*961136.00,
31,51.01,51.09,47.445011,19.183151,195.975235,22095.455078,0.00,0.000000,1004.14,30.52,19.93,0.61,18.69,41.41,-30.45,8.75,-15.20,0,1000.00,*961136.00,
broadcasting
sending telemetry
SGP: OK
Collected data
32,52.40,51.09,47.445007,19.183151,195.975723,22095.121094,0.00,0.000000,1004.13,30.58,19.57,0.61,18.69,41.41,-30.45,8.75,-15.20,0,1000.00,*501136.00,
32,52.40,51.09,47.445007,19.183151,195.975723,22095.121094,0.00,0.000000,1004.13,30.58,19.57,0.61,18.69,41.41,-30.45,8.75,-15.20,0,1000.00,*501136.00,
broadcasting
sending telemetry
SGP: OK
Collected data
33,53.80,51.09,47.445007,19.183151,195.975540,22095.140625,0.00,0.000000,1004.17,30.53,19.01,0.61,18.69,41.41,-30.45,8.75,-15.20,0,1000.00,*E61136.00,
33,53.80,51.09,47.445007,19.183151,195.975540,22095.140625,0.00,0.000000,1004.17,30.53,19.01,0.61,18.69,41.41,-30.45,8.75,-15.20,0,1000.00,*E61136.00,
broadcasting
sending telemetry
SGP: OK
Collected data
34,55.20,51.09,47.445007,19.183149,195.975174,22095.080078,0.00,0.000000,1004.12,30.51,18.79,0.61,18.69,41.41,-30.45,8.75,-15.20,0,1000.00,*831136.00,
34,55.20,51.09,47.445007,19.183149,195.975174,22095.080078,0.00,0.000000,1004.12,30.51,18.79,0.61,18.69,41.41,-30.45,8.75,-15.20,0,1000.00,*831136.00,
broadcasting
sending telemetry
SGP: OK
Collected data
35,56.60,51.09,47.445007,19.183147,195.974960,22095.039062,0.00,0.000000,1004.13,30.44,18.30,0.61,18.69,41.41,-30.45,8.75,-15.20,0,1000.00,*DF1136.00,
35,56.60,51.09,47.445007,19.183147,195.974960,22095.039062,0.00,0.000000,1004.13,30.44,18.30,0.61,18.69,41.41,-30.45,8.75,-15.20,0,1000.00,*DF1136.00,
broadcasting
sending telemetry
SGP: OK
Collected data
36,58.00,51.09,47.445007,19.183147,195.974960,22095.039062,0.00,0.000000,1004.13,30.31,17.57,0.61,18.69,41.41,-30.45,8.75,-15.20,0,1000.00,*C11136.00,
36,58.00,51.09,47.445007,19.183147,195.974960,22095.039062,0.00,0.000000,1004.13,30.31,17.57,0.61,18.69,41.41,-30.45,8.75,-15.20,0,1000.00,*C11136.00,
broadcasting
sending telemetry
SGP: OK
Collected data
37,59.40,51.09,47.445007,19.183147,195.974960,22095.039062,0.00,0.000000,1004.11,30.30,17.22,0.61,18.69,41.41,-30.45,8.75,-15.20,0,1000.00,*3C1136.00,
37,59.40,51.09,47.445007,19.183147,195.974960,22095.039062,0.00,0.000000,1004.11,30.30,17.22,0.61,18.69,41.41,-30.45,8.75,-15.20,0,1000.00,*3C1136.00,
broadcasting
sending telemetry
SGP: OK
Collected data
38,60.80,51.09,47.445007,19.183147,195.974960,22095.039062,0.00,0.000000,1004.13,30.42,17.36,0.61,18.69,41.41,-30.45,8.75,-15.20,0,1000.00,*A41136.00,
38,60.80,51.09,47.445007,19.183147,195.974960,22095.039062,0.00,0.000000,1004.13,30.42,17.36,0.61,18.69,41.41,-30.45,8.75,-15.20,0,1000.00,*A41136.00,
broadcasting
sending telemetry
SGP: OK
Collected data
39,62.20,51.73,47.445007,19.183147,195.974960,22095.039062,0.00,0.000000,1004.12,30.51,17.53,0.61,18.69,41.41,-30.45,8.75,-15.20,0,1000.00,*C81136.00,
39,62.20,51.73,47.445007,19.183147,195.974960,22095.039062,0.00,0.000000,1004.12,30.51,17.53,0.61,18.69,41.41,-30.45,8.75,-15.20,0,1000.00,*C81136.00,
broadcasting
sending telemetry
SGP: OK
Collected data
40,63.60,51.73,47.445007,19.183147,195.974960,22095.039062,0.00,0.000000,1004.13,30.57,17.56,0.61,18.69,41.41,-30.45,8.75,-15.20,0,1000.00,*D81136.00,
40,63.60,51.73,47.445007,19.183147,195.974960,22095.039062,0.00,0.000000,1004.13,30.57,17.56,0.61,18.69,41.41,-30.45,8.75,-15.20,0,1000.00,*D81136.00,
broadcasting
sending telemetry
SGP: OK
Collected data
41,65.00,51.73,47.445007,19.183147,195.974960,22095.039062,0.00,0.000000,1004.13,30.53,17.25,0.61,18.69,41.41,-30.45,8.75,-15.20,0,1000.00,*7B1136.00,
41,65.00,51.73,47.445007,19.183147,195.974960,22095.039062,0.00,0.000000,1004.13,30.53,17.25,0.61,18.69,41.41,-30.45,8.75,-15.20,0,1000.00,*7B1136.00,
broadcasting
sending telemetry
SGP: OK
Collected data
42,66.40,51.09,47.445007,19.183147,195.974960,22095.039062,0.00,0.000000,1004.14,30.52,17.14,0.61,18.69,41.41,-30.45,8.75,-15.20,0,1000.00,*811136.00,
42,66.40,51.09,47.445007,19.183147,195.974960,22095.039062,0.00,0.000000,1004.14,30.52,17.14,0.61,18.69,41.41,-30.45,8.75,-15.20,0,1000.00,*811136.00,
broadcasting
sending telemetry
SGP: OK
Collected data
43,67.80,51.09,47.445007,19.183147,195.974960,22095.039062,0.00,0.000000,1004.11,30.58,17.13,0.61,18.69,41.41,-30.45,8.75,-15.20,0,1000.00,*E51136.00,
43,67.80,51.09,47.445007,19.183147,195.974960,22095.039062,0.00,0.000000,1004.11,30.58,17.13,0.61,18.69,41.41,-30.45,8.75,-15.20,0,1000.00,*E51136.00,
broadcasting
sending telemetry
SGP: OK
Collected data
44,69.20,51.09,47.445007,19.183147,195.974960,22095.039062,0.00,0.000000,1004.11,30.56,16.97,0.61,18.69,41.41,-30.45,8.75,-15.20,0,1000.00,*F01136.00,
44,69.20,51.09,47.445007,19.183147,195.974960,22095.039062,0.00,0.000000,1004.11,30.56,16.97,0.61,18.69,41.41,-30.45,8.75,-15.20,0,1000.00,*F01136.00,
broadcasting
sending telemetry
SGP: OK
Collected data
45,70.60,51.09,47.445007,19.183147,195.974960,22095.039062,0.00,0.000000,1004.14,30.52,16.94,0.61,18.69,41.41,-30.45,8.75,-15.20,0,1000.00,*771136.00,
45,70.60,51.09,47.445007,19.183147,195.974960,22095.039062,0.00,0.000000,1004.14,30.52,16.94,0.61,18.69,41.41,-30.45,8.75,-15.20,0,1000.00,*771136.00,
broadcasting
sending telemetry
SGP: OK
Collected data
46,72.00,51.09,47.445007,19.183147,195.974960,22095.039062,0.00,0.000000,1004.13,30.59,17.05,0.61,18.69,41.41,-30.45,8.75,-15.20,1,1000.00,*D31136.00,
46,72.00,51.09,47.445007,19.183147,195.974960,22095.039062,0.00,0.000000,1004.13,30.59,17.05,0.61,18.69,41.41,-30.45,8.75,-15.20,1,1000.00,*D31136.00,
broadcasting
sending telemetry
SGP: OK
Collected data
47,73.39,51.09,47.445000,19.183121,195.970123,22093.927734,0.00,0.000000,1004.15,30.63,17.16,0.61,18.69,41.41,-30.45,8.75,-15.20,1,1000.00,*2D1136.00,
47,73.39,51.09,47.445000,19.183121,195.970123,22093.927734,0.00,0.000000,1004.15,30.63,17.16,0.61,18.69,41.41,-30.45,8.75,-15.20,1,1000.00,*2D1136.00,
broadcasting
sending telemetry
SGP: OK
Collected data
48,74.79,51.73,47.445000,19.183119,195.969910,22093.886719,0.00,0.000000,1004.13,30.63,17.31,0.61,18.69,41.41,-30.45,8.75,-15.20,1,1000.00,*411136.00,
48,74.79,51.73,47.445000,19.183119,195.969910,22093.886719,0.00,0.000000,1004.13,30.63,17.31,0.61,18.69,41.41,-30.45,8.75,-15.20,1,1000.00,*411136.00,
broadcasting
sending telemetry
SGP: OK
Collected data
49,76.19,51.73,47.445000,19.183117,195.969681,22093.783203,0.00,0.000000,1004.13,30.64,18.24,0.61,18.69,41.41,-30.45,8.75,-15.20,2,1000.00,*DB1136.00,
49,76.19,51.73,47.445000,19.183117,195.969681,22093.783203,0.00,0.000000,1004.13,30.64,18.24,0.61,18.69,41.41,-30.45,8.75,-15.20,2,1000.00,*DB1136.00,
broadcasting
sending telemetry
SGP: OK
Collected data
50,77.59,51.73,47.445000,19.183117,195.969604,22093.794922,0.00,0.000000,1004.14,30.64,19.05,0.61,18.69,41.41,-30.45,8.75,-15.20,3,1000.00,*431136.00,
50,77.59,51.73,47.445000,19.183117,195.969604,22093.794922,0.00,0.000000,1004.14,30.64,19.05,0.61,18.69,41.41,-30.45,8.75,-15.20,3,1000.00,*431136.00,
broadcasting
sending telemetry
SGP: OK
Collected data
51,78.99,51.09,47.445000,19.183117,195.969574,22093.791016,0.00,0.000000,1004.13,30.66,19.39,0.61,18.69,41.41,-30.45,8.75,-15.20,5,1000.00,*A11136.00,
51,78.99,51.09,47.445000,19.183117,195.969574,22093.791016,0.00,0.000000,1004.13,30.66,19.39,0.61,18.69,41.41,-30.45,8.75,-15.20,5,1000.00,*A11136.00,
broadcasting
sending telemetry
SGP: OK
Collected data
52,80.39,51.73,47.445000,19.183117,195.969574,22093.791016,0.00,0.000000,1004.14,30.75,19.60,0.61,18.69,41.41,-30.45,8.75,-15.20,6,1000.00,*621136.00,
52,80.39,51.73,47.445000,19.183117,195.969574,22093.791016,0.00,0.000000,1004.14,30.75,19.60,0.61,18.69,41.41,-30.45,8.75,-15.20,6,1000.00,*621136.00,
broadcasting
sending telemetry
SGP: OK
Collected data
53,81.79,51.09,47.445000,19.183117,195.969574,22093.791016,0.00,0.000000,1004.12,30.78,19.96,0.61,18.69,41.41,-30.45,8.75,-15.20,8,1000.00,*4A1136.00,
53,81.79,51.09,47.445000,19.183117,195.969574,22093.791016,0.00,0.000000,1004.12,30.78,19.96,0.61,18.69,41.41,-30.45,8.75,-15.20,8,1000.00,*4A1136.00,
broadcasting
sending telemetry
SGP: OK
Collected data
54,83.19,51.73,47.445000,19.183117,195.969574,22093.791016,0.00,0.000000,1004.13,30.75,20.13,0.61,18.69,41.41,-30.45,8.75,-15.20,10,1000.00,*841144.00,
54,83.19,51.73,47.445000,19.183117,195.969574,22093.791016,0.00,0.000000,1004.13,30.75,20.13,0.61,18.69,41.41,-30.45,8.75,-15.20,10,1000.00,*841144.00,
broadcasting
sending telemetry
SGP: OK
Collected data
55,84.59,51.73,47.445000,19.183117,195.969574,22093.791016,0.00,0.000000,1004.16,30.73,19.85,0.61,18.69,41.41,-30.45,8.75,-15.20,12,1000.00,*391144.00,
55,84.59,51.73,47.445000,19.183117,195.969574,22093.791016,0.00,0.000000,1004.16,30.73,19.85,0.61,18.69,41.41,-30.45,8.75,-15.20,12,1000.00,*391144.00,
broadcasting
sending telemetry
SGP: OK
Collected data
56,85.99,51.73,47.445000,19.183117,195.969574,22093.791016,0.00,0.000000,1004.16,30.68,18.92,0.61,18.69,41.41,-30.45,8.75,-15.20,14,1000.00,*9B1144.00,
56,85.99,51.73,47.445000,19.183117,195.969574,22093.791016,0.00,0.000000,1004.16,30.68,18.92,0.61,18.69,41.41,-30.45,8.75,-15.20,14,1000.00,*9B1144.00,
broadcasting
sending telemetry
SGP: OK
Collected data
57,87.39,51.73,47.445000,19.183117,195.969574,22093.791016,0.00,0.000000,1004.13,30.64,18.18,0.61,18.69,41.41,-30.45,8.75,-15.20,16,1000.00,*FA1144.00,
57,87.39,51.73,47.445000,19.183117,195.969574,22093.791016,0.00,0.000000,1004.13,30.64,18.18,0.61,18.69,41.41,-30.45,8.75,-15.20,16,1000.00,*FA1144.00,
broadcasting
sending telemetry
SGP: OK
Collected data
58,88.79,51.73,47.445000,19.183117,195.969574,22093.791016,0.00,0.000000,1004.15,30.64,18.09,0.61,18.69,41.41,-30.45,8.75,-15.20,18,1000.00,*CD1144.00,
58,88.79,51.73,47.445000,19.183117,195.969574,22093.791016,0.00,0.000000,1004.15,30.64,18.09,0.61,18.69,41.41,-30.45,8.75,-15.20,18,1000.00,*CD1144.00,
broadcasting
sending telemetry
SGP: OK
Collected data
59,90.19,51.09,47.445000,19.183117,195.969574,22093.791016,0.00,0.000000,1004.14,30.66,18.52,0.61,18.69,41.41,-30.45,8.75,-15.20,19,1000.00,*DF1144.00,
59,90.19,51.09,47.445000,19.183117,195.969574,22093.791016,0.00,0.000000,1004.14,30.66,18.52,0.61,18.69,41.41,-30.45,8.75,-15.20,19,1000.00,*DF1144.00,
broadcasting
sending telemetry
SGP: OK
Collected data
60,91.59,51.73,47.445000,19.183117,195.969574,22093.791016,0.00,0.000000,1004.17,30.66,18.02,0.61,18.69,41.41,-30.45,8.75,-15.20,20,1000.00,*B71144.00,
60,91.59,51.73,47.445000,19.183117,195.969574,22093.791016,0.00,0.000000,1004.17,30.66,18.02,0.61,18.69,41.41,-30.45,8.75,-15.20,20,1000.00,*B71144.00,
broadcasting
sending telemetry
SGP: OK
Collected data
61,92.99,51.09,47.445000,19.183117,195.969574,22093.791016,0.00,0.000000,1004.16,30.72,18.02,0.61,18.69,41.41,-30.45,8.75,-15.20,21,1000.00,*981144.00,
61,92.99,51.09,47.445000,19.183117,195.969574,22093.791016,0.00,0.000000,1004.16,30.72,18.02,0.61,18.69,41.41,-30.45,8.75,-15.20,21,1000.00,*981144.00,
broadcasting
sending telemetry
SGP: OK
Collected data
62,94.38,51.73,47.445000,19.183113,195.968933,22093.527344,0.00,0.000000,1004.14,30.85,18.13,0.61,18.69,41.41,-30.45,8.75,-15.20,22,1000.00,*C61144.00,
62,94.38,51.73,47.445000,19.183113,195.968933,22093.527344,0.00,0.000000,1004.14,30.85,18.13,0.61,18.69,41.41,-30.45,8.75,-15.20,22,1000.00,*C61144.00,
broadcasting
sending telemetry
SGP: OK
Collected data
63,95.78,51.73,47.445000,19.183113,195.968872,22093.501953,0.00,0.000000,1004.10,30.89,18.23,0.61,18.69,41.41,-30.45,8.75,-15.20,23,1000.00,*A61144.00,
63,95.78,51.73,47.445000,19.183113,195.968872,22093.501953,0.00,0.000000,1004.10,30.89,18.23,0.61,18.69,41.41,-30.45,8.75,-15.20,23,1000.00,*A61144.00,
broadcasting
sending telemetry
SGP: OK
Collected data
64,97.18,51.73,47.445000,19.183113,195.968933,22093.509766,0.00,0.000000,1004.14,30.98,18.36,0.61,18.69,41.41,-30.45,8.75,-15.20,23,1000.00,*DA1144.00,
64,97.18,51.73,47.445000,19.183113,195.968933,22093.509766,0.00,0.000000,1004.14,30.98,18.36,0.61,18.69,41.41,-30.45,8.75,-15.20,23,1000.00,*DA1144.00,
broadcasting
sending telemetry
SGP: OK
Collected data
65,98.58,51.73,47.445000,19.183111,195.968811,22093.552734,0.00,0.000000,1004.09,31.06,18.41,0.61,18.69,41.41,-30.45,8.75,-15.20,24,1000.00,*4D1144.00,
65,98.58,51.73,47.445000,19.183111,195.968811,22093.552734,0.00,0.000000,1004.09,31.06,18.41,0.61,18.69,41.41,-30.45,8.75,-15.20,24,1000.00,*4D1144.00,
broadcasting
sending telemetry
SGP: OK
Collected data
66,99.98,52.36,47.445000,19.183111,195.968811,22093.552734,0.00,0.000000,1004.09,31.11,17.94,0.61,18.69,41.41,-30.45,8.75,-15.20,25,1000.00,*5D1144.00,
66,99.98,52.36,47.445000,19.183111,195.968811,22093.552734,0.00,0.000000,1004.09,31.11,17.94,0.61,18.69,41.41,-30.45,8.75,-15.20,25,1000.00,*5D1144.00,
broadcasting
sending telemetry
SGP: OK
Collected data
67,101.38,51.73,47.445000,19.183111,195.968811,22093.552734,0.00,0.000000,1004.09,31.12,17.40,0.61,18.69,41.41,-30.45,8.75,-15.20,26,1000.00,*ED1152.00,
67,101.38,51.73,47.445000,19.183111,195.968811,22093.552734,0.00,0.000000,1004.09,31.12,17.40,0.61,18.69,41.41,-30.45,8.75,-15.20,26,1000.00,*ED1152.00,
broadcasting
sending telemetry
SGP: OK
Collected data
68,102.78,51.73,47.445000,19.183111,195.968811,22093.552734,0.00,0.000000,1004.11,31.11,17.25,0.61,18.69,41.41,-30.45,8.75,-15.20,26,1000.00,*981152.00,
68,102.78,51.73,47.445000,19.183111,195.968811,22093.552734,0.00,0.000000,1004.11,31.11,17.25,0.61,18.69,41.41,-30.45,8.75,-15.20,26,1000.00,*981152.00,
broadcasting
sending telemetry
SGP: OK
Collected data
69,104.18,52.36,47.445000,19.183111,195.968811,22093.552734,0.00,0.000000,1004.09,31.22,17.40,0.61,18.69,41.41,-30.45,8.75,-15.20,27,1000.00,*9A1152.00,
69,104.18,52.36,47.445000,19.183111,195.968811,22093.552734,0.00,0.000000,1004.09,31.22,17.40,0.61,18.69,41.41,-30.45,8.75,-15.20,27,1000.00,*9A1152.00,
broadcasting
sending telemetry
SGP: OK
Collected data
70,105.58,52.36,47.445000,19.183111,195.968811,22093.552734,0.00,0.000000,1004.09,31.26,17.36,0.61,18.69,41.41,-30.45,8.75,-15.20,27,1000.00,*861152.00,
70,105.58,52.36,47.445000,19.183111,195.968811,22093.552734,0.00,0.000000,1004.09,31.26,17.36,0.61,18.69,41.41,-30.45,8.75,-15.20,27,1000.00,*861152.00,
broadcasting
sending telemetry
SGP: OK
Collected data
71,106.98,52.36,47.445000,19.183111,195.968811,22093.552734,0.00,0.000000,1004.08,31.28,17.16,0.61,18.69,41.41,-30.45,8.75,-15.20,28,1000.00,*111152.00,
71,106.98,52.36,47.445000,19.183111,195.968811,22093.552734,0.00,0.000000,1004.08,31.28,17.16,0.61,18.69,41.41,-30.45,8.75,-15.20,28,1000.00,*111152.00,
broadcasting
sending telemetry
SGP: OK
Collected data
72,108.38,52.36,47.445000,19.183111,195.968811,22093.552734,0.00,0.000000,1004.08,31.33,17.26,0.61,18.69,41.41,-30.45,8.75,-15.20,28,1000.00,*701152.00,
72,108.38,52.36,47.445000,19.183111,195.968811,22093.552734,0.00,0.000000,1004.08,31.33,17.26,0.61,18.69,41.41,-30.45,8.75,-15.20,28,1000.00,*701152.00,
broadcasting
sending telemetry
SGP: OK
Collected data
73,109.78,52.36,47.445000,19.183111,195.968811,22093.552734,0.00,0.000000,1004.09,31.33,17.27,0.61,18.69,41.41,-30.45,8.75,-15.20,29,1000.00,*611152.00,
73,109.78,52.36,47.445000,19.183111,195.968811,22093.552734,0.00,0.000000,1004.09,31.33,17.27,0.61,18.69,41.41,-30.45,8.75,-15.20,29,1000.00,*611152.00,
broadcasting
sending telemetry
SGP: OK
Collected data
74,111.18,52.36,47.445000,19.183111,195.968811,22093.552734,0.00,0.000000,1004.06,31.29,16.91,0.61,18.69,41.41,-30.45,8.75,-15.20,29,1000.00,*6A1152.00,
74,111.18,52.36,47.445000,19.183111,195.968811,22093.552734,0.00,0.000000,1004.06,31.29,16.91,0.61,18.69,41.41,-30.45,8.75,-15.20,29,1000.00,*6A1152.00,
broadcasting
sending telemetry
SGP: OK
Collected data
75,112.58,52.36,47.445000,19.183111,195.968811,22093.552734,0.00,0.000000,1004.06,31.37,17.05,0.61,18.69,41.41,-30.45,8.75,-15.20,29,1000.00,*451152.00,
75,112.58,52.36,47.445000,19.183111,195.968811,22093.552734,0.00,0.000000,1004.06,31.37,17.05,0.61,18.69,41.41,-30.45,8.75,-15.20,29,1000.00,*451152.00,
broadcasting
sending telemetry
SGP: OK
Collected data
76,113.98,52.36,47.445000,19.183111,195.968811,22093.552734,0.00,0.000000,1004.07,31.43,17.74,0.61,18.69,41.41,-30.45,8.75,-15.20,29,1000.00,*2F1152.00,
76,113.98,52.36,47.445000,19.183111,195.968811,22093.552734,0.00,0.000000,1004.07,31.43,17.74,0.61,18.69,41.41,-30.45,8.75,-15.20,29,1000.00,*2F1152.00,
broadcasting
sending telemetry
SGP: OK
Collected data
77,115.38,52.36,47.445000,19.183130,195.972061,22094.103516,44.78,0.000000,1004.03,31.38,18.80,0.61,18.69,41.41,-30.45,8.75,-15.20,29,1000.00,*981160.00,
77,115.38,52.36,47.445000,19.183130,195.972061,22094.103516,44.78,0.000000,1004.03,31.38,18.80,0.61,18.69,41.41,-30.45,8.75,-15.20,29,1000.00,*981160.00,
broadcasting
sending telemetry
SGP: OK
Collected data
78,116.78,52.36,47.445004,19.183130,195.971893,22094.333984,44.78,0.000000,1004.02,31.36,19.50,0.61,18.69,41.41,-30.45,8.75,-15.20,30,1000.00,*511160.00,
78,116.78,52.36,47.445004,19.183130,195.971893,22094.333984,44.78,0.000000,1004.02,31.36,19.50,0.61,18.69,41.41,-30.45,8.75,-15.20,30,1000.00,*511160.00,
broadcasting
sending telemetry
SGP: OK
Collected data
79,118.18,52.36,47.445004,19.183130,195.972061,22094.294922,44.78,0.000000,1004.02,31.35,20.16,0.61,18.69,41.41,-30.45,8.75,-15.20,30,1000.00,*CB1160.00,
79,118.18,52.36,47.445004,19.183130,195.972061,22094.294922,44.78,0.000000,1004.02,31.35,20.16,0.61,18.69,41.41,-30.45,8.75,-15.20,30,1000.00,*CB1160.00,
broadcasting
sending telemetry
SGP: OK
Collected data
80,119.58,52.36,47.445004,19.183132,195.972198,22094.503906,44.78,0.000000,1004.00,31.29,19.51,0.61,18.69,41.41,-30.45,8.75,-15.20,31,1000.00,*341160.00,
80,119.58,52.36,47.445004,19.183132,195.972198,22094.503906,44.78,0.000000,1004.00,31.29,19.51,0.61,18.69,41.41,-30.45,8.75,-15.20,31,1000.00,*341160.00,
broadcasting
sending telemetry
SGP: OK
Collected data
81,120.98,52.36,47.445011,19.183130,195.971558,22095.011719,9.85,0.000000,1004.04,31.17,18.92,0.61,18.69,41.41,-30.45,8.75,-15.20,32,1000.00,*4F1152.00,
81,120.98,52.36,47.445011,19.183130,195.971558,22095.011719,9.85,0.000000,1004.04,31.17,18.92,0.61,18.69,41.41,-30.45,8.75,-15.20,32,1000.00,*4F1152.00,
broadcasting
sending telemetry
SGP: OK
Collected data
82,122.38,52.36,47.445011,19.183130,195.971558,22095.011719,9.85,0.000000,1004.07,30.89,18.12,0.61,18.69,41.41,-30.45,8.75,-15.20,34,1000.00,*D81152.00,
82,122.38,52.36,47.445011,19.183130,195.971558,22095.011719,9.85,0.000000,1004.07,30.89,18.12,0.61,18.69,41.41,-30.45,8.75,-15.20,34,1000.00,*D81152.00,
broadcasting
sending telemetry
SGP: OK
Collected data
83,123.78,52.36,47.445011,19.183130,195.971558,22095.011719,9.85,0.000000,1004.14,30.84,18.06,0.61,18.69,41.41,-30.45,8.75,-15.20,35,1000.00,*BE1152.00,
83,123.78,52.36,47.445011,19.183130,195.971558,22095.011719,9.85,0.000000,1004.14,30.84,18.06,0.61,18.69,41.41,-30.45,8.75,-15.20,35,1000.00,*BE1152.00,
broadcasting
sending telemetry
SGP: OK
Collected data
84,125.18,52.36,47.445011,19.183130,195.971558,22095.011719,9.85,0.000000,1004.11,30.69,18.75,0.61,18.69,41.41,-30.45,8.75,-15.20,37,1000.00,*631152.00,
84,125.18,52.36,47.445011,19.183130,195.971558,22095.011719,9.85,0.000000,1004.11,30.69,18.75,0.61,18.69,41.41,-30.45,8.75,-15.20,37,1000.00,*631152.00,
broadcasting
sending telemetry
SGP: OK
Collected data
85,126.58,52.36,47.445011,19.183130,195.971558,22095.011719,9.85,0.000000,1004.15,30.54,19.63,0.61,18.69,41.41,-30.45,8.75,-15.20,38,1000.00,*F31152.00,
85,126.58,52.36,47.445011,19.183130,195.971558,22095.011719,9.85,0.000000,1004.15,30.54,19.63,0.61,18.69,41.41,-30.45,8.75,-15.20,38,1000.00,*F31152.00,
broadcasting
sending telemetry
SGP: OK
Collected data
86,127.97,52.36,47.445011,19.183130,195.971558,22095.011719,9.85,0.000000,1004.13,30.53,18.79,0.61,18.69,41.41,-30.45,8.75,-15.20,39,1000.00,*791152.00,
86,127.97,52.36,47.445011,19.183130,195.971558,22095.011719,9.85,0.000000,1004.13,30.53,18.79,0.61,18.69,41.41,-30.45,8.75,-15.20,39,1000.00,*791152.00,
broadcasting
sending telemetry
SGP: OK
Collected data
87,129.38,51.73,47.445011,19.183130,195.971558,22095.011719,9.85,0.000000,1004.12,30.44,18.05,0.61,18.69,41.41,-30.45,8.75,-15.20,40,1000.00,*271152.00,
87,129.38,51.73,47.445011,19.183130,195.971558,22095.011719,9.85,0.000000,1004.12,30.44,18.05,0.61,18.69,41.41,-30.45,8.75,-15.20,40,1000.00,*271152.00,
broadcasting
sending telemetry
SGP: OK
Collected data
88,130.77,51.73,47.445011,19.183130,195.971558,22095.011719,9.85,0.000000,1004.12,30.44,17.94,0.61,18.69,41.41,-30.45,8.75,-15.20,40,1000.00,*A51152.00,
88,130.77,51.73,47.445011,19.183130,195.971558,22095.011719,9.85,0.000000,1004.12,30.44,17.94,0.61,18.69,41.41,-30.45,8.75,-15.20,40,1000.00,*A51152.00,
broadcasting
sending telemetry
SGP: OK
Collected data
89,132.17,51.73,47.445011,19.183130,195.971558,22095.011719,9.85,0.000000,1004.10,30.42,17.66,0.61,18.69,41.41,-30.45,8.75,-15.20,41,1000.00,*A81152.00,
89,132.17,51.73,47.445011,19.183130,195.971558,22095.011719,9.85,0.000000,1004.10,30.42,17.66,0.61,18.69,41.41,-30.45,8.75,-15.20,41,1000.00,*A81152.00,
broadcasting
sending telemetry
SGP: OK
Collected data
90,133.57,51.73,47.445011,19.183130,195.971558,22095.011719,9.85,0.000000,1004.11,30.36,17.31,0.61,18.69,41.41,-30.45,8.75,-15.20,41,1000.00,*671152.00,
90,133.57,51.73,47.445011,19.183130,195.971558,22095.011719,9.85,0.000000,1004.11,30.36,17.31,0.61,18.69,41.41,-30.45,8.75,-15.20,41,1000.00,*671152.00,
broadcasting
sending telemetry
SGP: OK
Collected data
91,134.97,51.73,47.445011,19.183130,195.971558,22095.011719,9.85,0.000000,1004.09,30.25,16.80,0.61,18.69,41.41,-30.45,8.75,-15.20,42,1000.00,*601152.00,
91,134.97,51.73,47.445011,19.183130,195.971558,22095.011719,9.85,0.000000,1004.09,30.25,16.80,0.61,18.69,41.41,-30.45,8.75,-15.20,42,1000.00,*601152.00,
broadcasting
sending telemetry
SGP: OK
Collected data
92,136.37,51.73,47.445045,19.183147,195.971878,22099.191406,63.56,0.000000,1004.10,30.21,16.93,0.61,18.69,41.41,-30.45,8.75,-15.20,42,1000.00,*531160.00,
92,136.37,51.73,47.445045,19.183147,195.971878,22099.191406,63.56,0.000000,1004.10,30.21,16.93,0.61,18.69,41.41,-30.45,8.75,-15.20,42,1000.00,*531160.00,
broadcasting
sending telemetry
SGP: OK
Collected data
93,137.77,51.73,47.445045,19.183149,195.972092,22099.175781,63.56,0.000000,1004.10,30.17,16.97,0.61,18.69,41.41,-30.45,8.75,-15.20,42,1000.00,*651160.00,
93,137.77,51.73,47.445045,19.183149,195.972092,22099.175781,63.56,0.000000,1004.10,30.17,16.97,0.61,18.69,41.41,-30.45,8.75,-15.20,42,1000.00,*651160.00,
broadcasting
sending telemetry
SGP: OK
Collected data
94,139.17,52.36,47.445045,19.183151,195.972534,22099.320312,63.56,0.000000,1004.12,30.13,17.06,0.61,18.69,41.41,-30.45,8.75,-15.20,41,1000.00,*4E1160.00,
94,139.17,52.36,47.445045,19.183151,195.972534,22099.320312,63.56,0.000000,1004.12,30.13,17.06,0.61,18.69,41.41,-30.45,8.75,-15.20,41,1000.00,*4E1160.00,
broadcasting
sending telemetry
SGP: OK
Collected data
95,140.57,51.73,47.445045,19.183153,195.972778,22099.347656,63.56,0.000000,1004.08,30.07,16.99,0.61,18.69,41.41,-30.45,8.75,-15.20,41,1000.00,*151160.00,
95,140.57,51.73,47.445045,19.183153,195.972778,22099.347656,63.56,0.000000,1004.08,30.07,16.99,0.61,18.69,41.41,-30.45,8.75,-15.20,41,1000.00,*151160.00,
broadcasting
sending telemetry
SGP: OK
Collected data
96,141.97,51.73,47.445045,19.183155,195.973068,22099.378906,63.56,0.000000,1004.12,30.01,17.51,0.61,18.69,41.41,-30.45,8.75,-15.20,41,1000.00,*3B1160.00,
96,141.97,51.73,47.445045,19.183155,195.973068,22099.378906,63.56,0.000000,1004.12,30.01,17.51,0.61,18.69,41.41,-30.45,8.75,-15.20,41,1000.00,*3B1160.00,
broadcasting
sending telemetry
SGP: OK
Collected data
97,143.37,52.36,47.445045,19.183155,195.973068,22099.378906,63.56,0.000000,1004.11,30.02,17.89,0.61,18.69,41.41,-30.45,8.75,-15.20,41,1000.00,*A61160.00,
97,143.37,52.36,47.445045,19.183155,195.973068,22099.378906,63.56,0.000000,1004.11,30.02,17.89,0.61,18.69,41.41,-30.45,8.75,-15.20,41,1000.00,*A61160.00,
broadcasting
sending telemetry
SGP: OK
Collected data
98,144.77,52.36,47.445045,19.183155,195.973068,22099.378906,63.56,0.000000,1004.10,30.01,17.96,0.61,18.69,41.41,-30.45,8.75,-15.20,41,1000.00,*EB1160.00,
98,144.77,52.36,47.445045,19.183155,195.973068,22099.378906,63.56,0.000000,1004.10,30.01,17.96,0.61,18.69,41.41,-30.45,8.75,-15.20,41,1000.00,*EB1160.00,
broadcasting
sending telemetry
SGP: OK
Collected data
99,146.17,52.36,47.445045,19.183155,195.973068,22099.378906,63.56,0.000000,1004.11,30.01,18.03,0.61,18.69,41.41,-30.45,8.75,-15.20,41,1000.00,*191160.00,
99,146.17,52.36,47.445045,19.183155,195.973068,22099.378906,63.56,0.000000,1004.11,30.01,18.03,0.61,18.69,41.41,-30.45,8.75,-15.20,41,1000.00,*191160.00,
broadcasting
sending telemetry
SGP: OK
Collected data
100,147.57,51.73,47.445045,19.183155,195.973068,22099.378906,63.56,0.000000,1004.11,30.01,17.85,0.61,18.69,41.41,-30.45,8.75,-15.20,41,1000.00,*621168.00,
100,147.57,51.73,47.445045,19.183155,195.973068,22099.378906,63.56,0.000000,1004.11,30.01,17.85,0.61,18.69,41.41,-30.45,8.75,-15.20,41,1000.00,*621168.00,
broadcasting
sending telemetry
SGP: OK
Collected data
101,148.97,52.36,47.445045,19.183155,195.973068,22099.378906,63.56,0.000000,1004.12,29.98,17.30,0.61,18.69,41.41,-30.45,8.75,-15.20,42,1000.00,*C21168.00,
101,148.97,52.36,47.445045,19.183155,195.973068,22099.378906,63.56,0.000000,1004.12,29.98,17.30,0.61,18.69,41.41,-30.45,8.75,-15.20,42,1000.00,*C21168.00,
broadcasting
sending telemetry
SGP: OK
Collected data
102,150.37,52.36,47.445045,19.183155,195.973068,22099.378906,63.56,0.000000,1004.08,29.97,17.24,0.61,18.69,41.41,-30.45,8.75,-15.20,42,1000.00,*641168.00,
102,150.37,52.36,47.445045,19.183155,195.973068,22099.378906,63.56,0.000000,1004.08,29.97,17.24,0.61,18.69,41.41,-30.45,8.75,-15.20,42,1000.00,*641168.00,
broadcasting
sending telemetry
SGP: OK
Collected data
103,151.77,51.73,47.445045,19.183155,195.973068,22099.378906,63.56,0.000000,1004.10,29.93,17.07,0.61,18.69,41.41,-30.45,8.75,-15.20,43,1000.00,*941168.00,
103,151.77,51.73,47.445045,19.183155,195.973068,22099.378906,63.56,0.000000,1004.10,29.93,17.07,0.61,18.69,41.41,-30.45,8.75,-15.20,43,1000.00,*941168.00,
broadcasting
sending telemetry
SGP: OK
Collected data
104,153.17,52.36,47.445045,19.183155,195.973068,22099.378906,63.56,0.000000,1004.07,29.88,17.01,0.61,18.69,41.41,-30.45,8.75,-15.20,43,1000.00,*1A1168.00,
104,153.17,52.36,47.445045,19.183155,195.973068,22099.378906,63.56,0.000000,1004.07,29.88,17.01,0.61,18.69,41.41,-30.45,8.75,-15.20,43,1000.00,*1A1168.00,
broadcasting
sending telemetry
SGP: OK
Collected data
105,154.57,52.36,47.445045,19.183155,195.973068,22099.378906,63.56,0.000000,1004.09,29.87,17.33,0.61,18.69,41.41,-30.45,8.75,-15.20,43,1000.00,*1F1168.00,
105,154.57,52.36,47.445045,19.183155,195.973068,22099.378906,63.56,0.000000,1004.09,29.87,17.33,0.61,18.69,41.41,-30.45,8.75,-15.20,43,1000.00,*1F1168.00,
broadcasting
sending telemetry
SGP: OK
Collected data
106,155.97,52.36,47.445045,19.183155,195.973068,22099.378906,63.56,0.000000,1004.11,29.87,18.07,0.61,18.69,41.41,-30.45,8.75,-15.20,42,1000.00,*E71168.00,
106,155.97,52.36,47.445045,19.183155,195.973068,22099.378906,63.56,0.000000,1004.11,29.87,18.07,0.61,18.69,41.41,-30.45,8.75,-15.20,42,1000.00,*E71168.00,
broadcasting
sending telemetry
SGP: OK
Collected data
107,157.37,52.36,47.445045,19.183155,195.973068,22099.378906,63.56,0.000000,1004.11,29.81,18.65,0.61,18.69,41.41,-30.45,8.75,-15.20,42,1000.00,*FA1168.00,
107,157.37,52.36,47.445045,19.183155,195.973068,22099.378906,63.56,0.000000,1004.11,29.81,18.65,0.61,18.69,41.41,-30.45,8.75,-15.20,42,1000.00,*FA1168.00,
broadcasting
sending telemetry
SGP: OK
Collected data
108,158.77,52.36,47.445053,19.183187,195.978775,22100.931641,59.44,0.000000,1004.10,29.82,19.01,0.61,18.69,41.41,-30.45,8.75,-15.20,42,1000.00,*3F1168.00,
108,158.77,52.36,47.445053,19.183187,195.978775,22100.931641,59.44,0.000000,1004.10,29.82,19.01,0.61,18.69,41.41,-30.45,8.75,-15.20,42,1000.00,*3F1168.00,
broadcasting
sending telemetry
SGP: OK
Collected data
109,160.17,52.36,47.445053,19.183189,195.978989,22100.996094,59.44,0.000000,1004.10,29.83,18.52,0.61,18.69,41.41,-30.45,8.75,-15.20,43,1000.00,*DD1168.00,
109,160.17,52.36,47.445053,19.183189,195.978989,22100.996094,59.44,0.000000,1004.10,29.83,18.52,0.61,18.69,41.41,-30.45,8.75,-15.20,43,1000.00,*DD1168.00,
broadcasting
sending telemetry
SGP: OK
Collected data
110,161.57,51.73,47.445053,19.183189,195.978912,22100.966797,59.44,0.000000,1004.08,29.82,17.75,0.61,18.69,41.41,-30.45,8.75,-15.20,44,1000.00,*181168.00,
110,161.57,51.73,47.445053,19.183189,195.978912,22100.966797,59.44,0.000000,1004.08,29.82,17.75,0.61,18.69,41.41,-30.45,8.75,-15.20,44,1000.00,*181168.00,
broadcasting
sending telemetry
SGP: OK
Collected data
111,162.97,51.73,47.445053,19.183191,195.979462,22101.103516,64.14,0.000000,1004.11,29.73,17.27,0.61,18.69,41.41,-30.45,8.75,-15.20,45,1000.00,*371168.00,
111,162.97,51.73,47.445053,19.183191,195.979462,22101.103516,64.14,0.000000,1004.11,29.73,17.27,0.61,18.69,41.41,-30.45,8.75,-15.20,45,1000.00,*371168.00,
broadcasting
sending telemetry
SGP: OK
Collected data
112,164.37,51.73,47.445053,19.183191,195.979462,22101.103516,64.14,0.000000,1004.10,29.71,17.01,0.61,18.69,41.41,-30.45,8.75,-15.20,45,1000.00,*791168.00,
112,164.37,51.73,47.445053,19.183191,195.979462,22101.103516,64.14,0.000000,1004.10,29.71,17.01,0.61,18.69,41.41,-30.45,8.75,-15.20,45,1000.00,*791168.00,
broadcasting
sending telemetry
SGP: OK
Collected data
113,165.77,51.73,47.445053,19.183191,195.979462,22101.103516,64.14,0.000000,1004.09,29.58,16.69,0.61,18.69,41.41,-30.45,8.75,-15.20,45,1000.00,*771168.00,
113,165.77,51.73,47.445053,19.183191,195.979462,22101.103516,64.14,0.000000,1004.09,29.58,16.69,0.61,18.69,41.41,-30.45,8.75,-15.20,45,1000.00,*771168.00,
broadcasting
sending telemetry
SGP: OK
Collected data
114,167.17,51.73,47.445053,19.183191,195.979462,22101.103516,64.14,0.000000,1004.13,29.54,16.64,0.61,18.69,41.41,-30.45,8.75,-15.20,45,1000.00,*211168.00,
114,167.17,51.73,47.445053,19.183191,195.979462,22101.103516,64.14,0.000000,1004.13,29.54,16.64,0.61,18.69,41.41,-30.45,8.75,-15.20,45,1000.00,*211168.00,
broadcasting
sending telemetry
SGP: OK
Collected data
115,168.57,51.09,47.445053,19.183191,195.979462,22101.103516,64.14,0.000000,1004.13,29.53,16.88,0.61,18.69,41.41,-30.45,8.75,-15.20,45,1000.00,*7A1168.00,
115,168.57,51.09,47.445053,19.183191,195.979462,22101.103516,64.14,0.000000,1004.13,29.53,16.88,0.61,18.69,41.41,-30.45,8.75,-15.20,45,1000.00,*7A1168.00,
broadcasting
sending telemetry
SGP: OK
Collected data
116,169.97,51.73,47.445053,19.183191,195.979462,22101.103516,64.14,0.000000,1004.12,29.51,16.99,0.61,18.69,41.41,-30.45,8.75,-15.20,45,1000.00,*221168.00,
116,169.97,51.73,47.445053,19.183191,195.979462,22101.103516,64.14,0.000000,1004.12,29.51,16.99,0.61,18.69,41.41,-30.45,8.75,-15.20,45,1000.00,*221168.00,
broadcasting
sending telemetry
SGP: OK
Collected data
117,171.37,51.73,47.445053,19.183191,195.979462,22101.103516,64.14,0.000000,1004.10,29.51,17.35,0.61,18.69,41.41,-30.45,8.75,-15.20,45,1000.00,*F71168.00,
117,171.37,51.73,47.445053,19.183191,195.979462,22101.103516,64.14,0.000000,1004.10,29.51,17.35,0.61,18.69,41.41,-30.45,8.75,-15.20,45,1000.00,*F71168.00,
broadcasting
sending telemetry
SGP: OK
Collected data
118,172.77,51.73,47.445053,19.183191,195.979462,22101.103516,64.14,0.000000,1004.10,29.52,17.68,0.61,18.69,41.41,-30.45,8.75,-15.20,45,1000.00,*851168.00,
118,172.77,51.73,47.445053,19.183191,195.979462,22101.103516,64.14,0.000000,1004.10,29.52,17.68,0.61,18.69,41.41,-30.45,8.75,-15.20,45,1000.00,*851168.00,
broadcasting
sending telemetry
SGP: OK
Collected data
119,174.17,51.09,47.445053,19.183191,195.979462,22101.103516,64.14,0.000000,1004.07,29.28,17.15,0.61,18.69,41.41,-30.45,8.75,-15.20,45,1000.00,*631168.00,
119,174.17,51.09,47.445053,19.183191,195.979462,22101.103516,64.14,0.000000,1004.07,29.28,17.15,0.61,18.69,41.41,-30.45,8.75,-15.20,45,1000.00,*631168.00,
broadcasting
sending telemetry
SGP: OK
Collected data
120,175.57,51.09,47.445053,19.183191,195.979462,22101.103516,64.14,0.000000,1004.11,29.16,17.23,0.61,18.69,41.41,-30.45,8.75,-15.20,46,1000.00,*281168.00,
120,175.57,51.09,47.445053,19.183191,195.979462,22101.103516,64.14,0.000000,1004.11,29.16,17.23,0.61,18.69,41.41,-30.45,8.75,-15.20,46,1000.00,*281168.00,
broadcasting
sending telemetry
SGP: OK
Collected data
121,176.97,51.09,47.445053,19.183191,195.979462,22101.103516,64.14,0.000000,1004.03,28.89,17.78,0.61,18.69,41.41,-30.45,8.75,-15.20,46,1000.00,*B61168.00,
121,176.97,51.09,47.445053,19.183191,195.979462,22101.103516,64.14,0.000000,1004.03,28.89,17.78,0.61,18.69,41.41,-30.45,8.75,-15.20,46,1000.00,*B61168.00,
broadcasting
sending telemetry
SGP: OK
Collected data
122,178.37,51.09,47.445053,19.183191,195.979462,22101.103516,64.14,0.000000,1004.06,28.90,17.32,0.61,18.69,41.41,-30.45,8.75,-15.20,46,1000.00,*BC1168.00,
122,178.37,51.09,47.445053,19.183191,195.979462,22101.103516,64.14,0.000000,1004.06,28.90,17.32,0.61,18.69,41.41,-30.45,8.75,-15.20,46,1000.00,*BC1168.00,
broadcasting
sending telemetry
SGP: OK
Collected data
123,179.77,51.09,47.445061,19.183165,195.973816,22101.197266,300.71,0.000000,1004.05,28.82,17.49,0.61,18.69,41.41,-30.45,8.75,-15.20,45,1000.00,*4E1176.00,
123,179.77,51.09,47.445061,19.183165,195.973816,22101.197266,300.71,0.000000,1004.05,28.82,17.49,0.61,18.69,41.41,-30.45,8.75,-15.20,45,1000.00,*4E1176.00,
broadcasting
sending telemetry
SGP: OK
Collected data
124,181.17,51.09,47.445065,19.183136,195.968231,22100.949219,299.25,0.000000,1004.09,28.64,17.55,0.61,18.69,41.41,-30.45,8.75,-15.20,44,1000.00,*951176.00,
124,181.17,51.09,47.445065,19.183136,195.968231,22100.949219,299.25,0.000000,1004.09,28.64,17.55,0.61,18.69,41.41,-30.45,8.75,-15.20,44,1000.00,*951176.00,
broadcasting
sending telemetry
SGP: OK
Collected data
125,182.57,51.09,47.445068,19.183121,195.965302,22100.935547,299.77,0.000000,1004.07,28.54,17.97,0.61,18.69,41.41,-30.45,8.75,-15.20,44,1000.00,*D71176.00,
125,182.57,51.09,47.445068,19.183121,195.965302,22100.935547,299.77,0.000000,1004.07,28.54,17.97,0.61,18.69,41.41,-30.45,8.75,-15.20,44,1000.00,*D71176.00,
broadcasting
sending telemetry
SGP: OK
Collected data
126,183.97,50.45,47.445072,19.183107,195.962036,22101.308594,305.53,0.000000,1004.05,28.40,18.08,0.61,18.69,41.41,-30.45,8.75,-15.20,43,1000.00,*971176.00,
126,183.97,50.45,47.445072,19.183107,195.962036,22101.308594,305.53,0.000000,1004.05,28.40,18.08,0.61,18.69,41.41,-30.45,8.75,-15.20,43,1000.00,*971176.00,
broadcasting
sending telemetry
SGP: OK
Collected data
127,185.37,50.45,47.445072,19.183107,195.962036,22101.308594,305.53,0.000000,1004.10,28.29,17.71,0.61,18.69,41.41,-30.45,8.75,-15.20,42,1000.00,*251176.00,
127,185.37,50.45,47.445072,19.183107,195.962036,22101.308594,305.53,0.000000,1004.10,28.29,17.71,0.61,18.69,41.41,-30.45,8.75,-15.20,42,1000.00,*251176.00,
broadcasting
sending telemetry
SGP: OK
Collected data
128,186.77,50.45,47.445072,19.183107,195.962036,22101.308594,305.53,0.000000,1004.09,28.18,17.54,0.61,18.69,41.41,-30.45,8.75,-15.20,42,1000.00,*141176.00,
128,186.77,50.45,47.445072,19.183107,195.962036,22101.308594,305.53,0.000000,1004.09,28.18,17.54,0.61,18.69,41.41,-30.45,8.75,-15.20,42,1000.00,*141176.00,
broadcasting
sending telemetry
SGP: OK
Collected data
129,188.17,50.45,47.445072,19.183107,195.962036,22101.308594,305.53,0.000000,1004.06,28.08,17.45,0.61,18.69,41.41,-30.45,8.75,-15.20,41,1000.00,*8D1176.00,
129,188.17,50.45,47.445072,19.183107,195.962036,22101.308594,305.53,0.000000,1004.06,28.08,17.45,0.61,18.69,41.41,-30.45,8.75,-15.20,41,1000.00,*8D1176.00,
broadcasting
sending telemetry
SGP: OK
Collected data
130,189.57,50.45,47.445072,19.183107,195.962036,22101.308594,305.53,0.000000,1004.05,28.05,18.05,0.61,18.69,41.41,-30.45,8.75,-15.20,41,1000.00,*DC1176.00,
130,189.57,50.45,47.445072,19.183107,195.962036,22101.308594,305.53,0.000000,1004.05,28.05,18.05,0.61,18.69,41.41,-30.45,8.75,-15.20,41,1000.00,*DC1176.00,
broadcasting
sending telemetry
SGP: OK
Collected data
131,190.97,49.82,47.445072,19.183107,195.962036,22101.308594,305.53,0.000000,1004.04,27.90,17.74,0.61,18.69,41.41,-30.45,8.75,-15.20,40,1000.00,*DE1176.00,
131,190.97,49.82,47.445072,19.183107,195.962036,22101.308594,305.53,0.000000,1004.04,27.90,17.74,0.61,18.69,41.41,-30.45,8.75,-15.20,40,1000.00,*DE1176.00,
broadcasting
sending telemetry
SGP: OK
Collected data
132,192.37,50.45,47.445072,19.183107,195.962036,22101.308594,305.53,0.000000,1004.08,27.72,17.61,0.61,18.69,41.41,-30.45,8.75,-15.20,40,1000.00,*EC1176.00,
132,192.37,50.45,47.445072,19.183107,195.962036,22101.308594,305.53,0.000000,1004.08,27.72,17.61,0.61,18.69,41.41,-30.45,8.75,-15.20,40,1000.00,*EC1176.00,
broadcasting
sending telemetry
SGP: OK
Collected data
133,193.77,50.45,47.445072,19.183107,195.962036,22101.308594,305.53,0.000000,1004.08,27.65,18.35,0.61,18.69,41.41,-30.45,8.75,-15.20,40,1000.00,*C21176.00,
133,193.77,50.45,47.445072,19.183107,195.962036,22101.308594,305.53,0.000000,1004.08,27.65,18.35,0.61,18.69,41.41,-30.45,8.75,-15.20,40,1000.00,*C21176.00,
broadcasting
sending telemetry
SGP: OK
Collected data
134,195.17,50.45,47.445072,19.183107,195.962036,22101.308594,305.53,0.000000,1004.08,27.54,17.74,0.61,18.69,41.41,-30.45,8.75,-15.20,40,1000.00,*D81176.00,
134,195.17,50.45,47.445072,19.183107,195.962036,22101.308594,305.53,0.000000,1004.08,27.54,17.74,0.61,18.69,41.41,-30.45,8.75,-15.20,40,1000.00,*D81176.00,
broadcasting
sending telemetry
SGP: OK
Collected data
135,196.57,50.45,47.445072,19.183107,195.962036,22101.308594,305.53,0.000000,1004.06,27.40,18.18,0.61,18.69,41.41,-30.45,8.75,-15.20,40,1000.00,*F21176.00,
135,196.57,50.45,47.445072,19.183107,195.962036,22101.308594,305.53,0.000000,1004.06,27.40,18.18,0.61,18.69,41.41,-30.45,8.75,-15.20,40,1000.00,*F21176.00,
broadcasting
sending telemetry
SGP: OK
Collected data
136,197.97,50.45,47.445072,19.183107,195.962036,22101.308594,305.53,0.000000,1004.06,27.31,18.07,0.61,18.69,41.41,-30.45,8.75,-15.20,40,1000.00,*7B1176.00,
136,197.97,50.45,47.445072,19.183107,195.962036,22101.308594,305.53,0.000000,1004.06,27.31,18.07,0.61,18.69,41.41,-30.45,8.75,-15.20,40,1000.00,*7B1176.00,
broadcasting
sending telemetry
SGP: OK
Collected data
137,199.37,49.82,47.445072,19.183107,195.962036,22101.308594,305.53,0.000000,1004.10,27.09,17.61,0.61,18.69,41.41,-30.45,8.75,-15.20,40,1000.00,*FC1176.00,
137,199.37,49.82,47.445072,19.183107,195.962036,22101.308594,305.53,0.000000,1004.10,27.09,17.61,0.61,18.69,41.41,-30.45,8.75,-15.20,40,1000.00,*FC1176.00,
broadcasting
sending telemetry
SGP: OK
Collected data
138,200.77,49.82,47.445137,19.182991,195.935272,22105.751953,325.96,0.000000,1004.09,26.95,17.44,0.61,18.69,41.41,-30.45,8.75,-15.20,40,1000.00,*2C1176.00,
138,200.77,49.82,47.445137,19.182991,195.935272,22105.751953,325.96,0.000000,1004.09,26.95,17.44,0.61,18.69,41.41,-30.45,8.75,-15.20,40,1000.00,*2C1176.00,
broadcasting
sending telemetry
SGP: OK
Collected data
139,202.17,50.45,47.445141,19.182995,195.935608,22106.078125,348.21,0.000000,1004.17,26.74,17.26,0.61,18.69,41.41,-30.45,8.75,-15.20,40,1000.00,*421176.00,
139,202.17,50.45,47.445141,19.182995,195.935608,22106.078125,348.21,0.000000,1004.17,26.74,17.26,0.61,18.69,41.41,-30.45,8.75,-15.20,40,1000.00,*421176.00,
broadcasting
sending telemetry
SGP: OK
Collected data
140,203.57,50.45,47.445141,19.182997,195.935898,22106.496094,12.85,0.000000,1004.18,26.76,17.34,0.61,18.69,41.41,-30.45,8.75,-15.20,41,1000.00,*7B1168.00,
140,203.57,50.45,47.445141,19.182997,195.935898,22106.496094,12.85,0.000000,1004.18,26.76,17.34,0.61,18.69,41.41,-30.45,8.75,-15.20,41,1000.00,*7B1168.00,
broadcasting
sending telemetry
SGP: OK
Collected data
141,204.97,50.45,47.445145,19.183002,195.936523,22107.027344,29.94,0.000000,1004.15,26.75,17.38,0.61,18.69,41.41,-30.45,8.75,-15.20,42,1000.00,*D11168.00,
141,204.97,50.45,47.445145,19.183002,195.936523,22107.027344,29.94,0.000000,1004.15,26.75,17.38,0.61,18.69,41.41,-30.45,8.75,-15.20,42,1000.00,*D11168.00,
broadcasting
sending telemetry
SGP: OK
Collected data
142,206.37,50.45,47.445152,19.183008,195.937225,22107.681641,30.85,0.000000,1004.15,26.95,17.64,0.61,18.69,41.41,-30.45,8.75,-15.20,43,1000.00,*111168.00,
142,206.37,50.45,47.445152,19.183008,195.937225,22107.681641,30.85,0.000000,1004.15,26.95,17.64,0.61,18.69,41.41,-30.45,8.75,-15.20,43,1000.00,*111168.00,
broadcasting
sending telemetry
SGP: OK
Collected data
143,207.77,50.45,47.445152,19.183008,195.937225,22107.681641,30.85,0.000000,1004.14,27.04,17.98,0.61,18.69,41.41,-30.45,8.75,-15.20,45,1000.00,*E01168.00,
143,207.77,50.45,47.445152,19.183008,195.937225,22107.681641,30.85,0.000000,1004.14,27.04,17.98,0.61,18.69,41.41,-30.45,8.75,-15.20,45,1000.00,*E01168.00,
broadcasting
sending telemetry
SGP: OK
Collected data
144,209.17,51.09,47.445152,19.183008,195.937225,22107.681641,30.85,0.000000,1004.15,27.14,17.91,0.61,18.69,41.41,-30.45,8.75,-15.20,48,1000.00,*771168.00,
144,209.17,51.09,47.445152,19.183008,195.937225,22107.681641,30.85,0.000000,1004.15,27.14,17.91,0.61,18.69,41.41,-30.45,8.75,-15.20,48,1000.00,*771168.00,
broadcasting
sending telemetry
SGP: OK
Collected data
145,210.57,51.09,47.445152,19.183008,195.937225,22107.681641,30.85,0.000000,1004.17,27.19,17.42,0.61,18.69,41.41,-30.45,8.75,-15.20,53,1000.00,*D31168.00,
145,210.57,51.09,47.445152,19.183008,195.937225,22107.681641,30.85,0.000000,1004.17,27.19,17.42,0.61,18.69,41.41,-30.45,8.75,-15.20,53,1000.00,*D31168.00,
broadcasting
sending telemetry
SGP: OK
Collected data
146,211.97,51.09,47.445152,19.183008,195.937225,22107.681641,30.85,0.000000,1004.17,27.23,17.60,0.61,18.69,41.41,-30.45,8.75,-15.20,57,1000.00,*A51168.00,
146,211.97,51.09,47.445152,19.183008,195.937225,22107.681641,30.85,0.000000,1004.17,27.23,17.60,0.61,18.69,41.41,-30.45,8.75,-15.20,57,1000.00,*A51168.00,
broadcasting
sending telemetry
SGP: OK
Collected data
147,213.37,51.09,47.445152,19.183008,195.937225,22107.681641,30.85,0.000000,1004.10,27.35,17.79,0.61,18.69,41.41,-30.45,8.75,-15.20,62,1000.00,*B11168.00,
147,213.37,51.09,47.445152,19.183008,195.937225,22107.681641,30.85,0.000000,1004.10,27.35,17.79,0.61,18.69,41.41,-30.45,8.75,-15.20,62,1000.00,*B11168.00,
broadcasting
sending telemetry
SGP: OK
Collected data
148,214.77,51.09,47.445152,19.183008,195.937225,22107.681641,30.85,0.000000,1004.16,27.45,18.29,0.61,18.69,41.41,-30.45,8.75,-15.20,67,1000.00,*D21168.00,
148,214.77,51.09,47.445152,19.183008,195.937225,22107.681641,30.85,0.000000,1004.16,27.45,18.29,0.61,18.69,41.41,-30.45,8.75,-15.20,67,1000.00,*D21168.00,
broadcasting
sending telemetry
SGP: OK
Collected data
149,216.17,51.09,47.445152,19.183008,195.937225,22107.681641,30.85,0.000000,1004.12,27.54,18.70,0.61,18.69,41.41,-30.45,8.75,-15.20,74,1000.00,*2C1168.00,
149,216.17,51.09,47.445152,19.183008,195.937225,22107.681641,30.85,0.000000,1004.12,27.54,18.70,0.61,18.69,41.41,-30.45,8.75,-15.20,74,1000.00,*2C1168.00,
broadcasting
sending telemetry
SGP: OK
Collected data
150,217.57,51.09,47.445152,19.183008,195.937225,22107.681641,30.85,0.000000,1004.11,27.55,18.66,0.61,18.69,41.41,-30.45,8.75,-15.20,81,1000.00,*481168.00,
150,217.57,51.09,47.445152,19.183008,195.937225,22107.681641,30.85,0.000000,1004.11,27.55,18.66,0.61,18.69,41.41,-30.45,8.75,-15.20,81,1000.00,*481168.00,
broadcasting
sending telemetry
SGP: OK
Collected data
151,218.97,51.73,47.445152,19.183008,195.937225,22107.681641,30.85,0.000000,1004.11,27.51,18.77,0.61,18.69,41.41,-30.45,8.75,-15.20,89,1000.00,*481168.00,
151,218.97,51.73,47.445152,19.183008,195.937225,22107.681641,30.85,0.000000,1004.11,27.51,18.77,0.61,18.69,41.41,-30.45,8.75,-15.20,89,1000.00,*481168.00,
broadcasting
sending telemetry
SGP: OK
Collected data
152,220.37,51.73,47.445152,19.183008,195.937225,22107.681641,30.85,0.000000,1004.19,27.53,19.00,0.61,18.69,41.41,-30.45,8.75,-15.20,96,1000.00,*641168.00,
152,220.37,51.73,47.445152,19.183008,195.937225,22107.681641,30.85,0.000000,1004.19,27.53,19.00,0.61,18.69,41.41,-30.45,8.75,-15.20,96,1000.00,*641168.00,
broadcasting
sending telemetry
SGP: OK
Collected data
153,221.77,51.73,47.445263,19.183100,195.945709,22121.429688,30.31,0.000000,1004.09,27.16,18.45,0.61,18.69,41.41,-30.45,8.75,-15.20,102,1000.00,*DB1176.00,
153,221.77,51.73,47.445263,19.183100,195.945709,22121.429688,30.31,0.000000,1004.09,27.16,18.45,0.61,18.69,41.41,-30.45,8.75,-15.20,102,1000.00,*DB1176.00,
broadcasting
sending telemetry
SGP: OK
Collected data
154,223.17,51.73,47.445263,19.183102,195.945847,22121.656250,30.31,0.000000,1004.13,27.22,19.33,0.61,18.69,41.41,-30.45,8.75,-15.20,108,1000.00,*541176.00,
154,223.17,51.73,47.445263,19.183102,195.945847,22121.656250,30.31,0.000000,1004.13,27.22,19.33,0.61,18.69,41.41,-30.45,8.75,-15.20,108,1000.00,*541176.00,
broadcasting
sending telemetry
SGP: OK
Collected data
155,224.57,51.09,47.445263,19.183102,195.945862,22121.486328,30.31,0.000000,1004.09,27.21,18.59,0.61,18.69,41.41,-30.45,8.75,-15.20,113,1000.00,*771176.00,
155,224.57,51.09,47.445263,19.183102,195.945862,22121.486328,30.31,0.000000,1004.09,27.21,18.59,0.61,18.69,41.41,-30.45,8.75,-15.20,113,1000.00,*771176.00,
broadcasting
sending telemetry
SGP: OK
Collected data
156,225.97,51.09,47.445263,19.183102,195.946136,22121.400391,30.31,0.000000,1004.12,27.18,18.11,0.61,18.69,41.41,-30.45,8.75,-15.20,117,1000.00,*C71176.00,
156,225.97,51.09,47.445263,19.183102,195.946136,22121.400391,30.31,0.000000,1004.12,27.18,18.11,0.61,18.69,41.41,-30.45,8.75,-15.20,117,1000.00,*C71176.00,
broadcasting
sending telemetry
SGP: OK
Collected data
157,227.37,51.09,47.445263,19.183102,195.946136,22121.400391,30.31,0.000000,1004.09,27.19,17.90,0.61,18.69,41.41,-30.45,8.75,-15.20,120,1000.00,*D31176.00,
157,227.37,51.09,47.445263,19.183102,195.946136,22121.400391,30.31,0.000000,1004.09,27.19,17.90,0.61,18.69,41.41,-30.45,8.75,-15.20,120,1000.00,*D31176.00,
broadcasting
sending telemetry
SGP: OK
Collected data
158,228.77,51.09,47.445263,19.183102,195.946136,22121.400391,30.31,0.000000,1004.13,27.14,17.70,0.61,18.69,41.41,-30.45,8.75,-15.20,121,1000.00,*291176.00,
158,228.77,51.09,47.445263,19.183102,195.946136,22121.400391,30.31,0.000000,1004.13,27.14,17.70,0.61,18.69,41.41,-30.45,8.75,-15.20,121,1000.00,*291176.00,
broadcasting
sending telemetry
SGP: OK
Collected data
159,230.17,51.73,47.445263,19.183102,195.946136,22121.400391,30.31,0.000000,1004.11,27.10,17.55,0.61,18.69,41.41,-30.45,8.75,-15.20,122,1000.00,*FD1176.00,
159,230.17,51.73,47.445263,19.183102,195.946136,22121.400391,30.31,0.000000,1004.11,27.10,17.55,0.61,18.69,41.41,-30.45,8.75,-15.20,122,1000.00,*FD1176.00,
broadcasting
sending telemetry
SGP: OK
Collected data
160,231.57,51.09,47.445263,19.183102,195.946136,22121.400391,30.31,0.000000,1004.12,27.13,17.62,0.61,18.69,41.41,-30.45,8.75,-15.20,122,1000.00,*AB1176.00,
160,231.57,51.09,47.445263,19.183102,195.946136,22121.400391,30.31,0.000000,1004.12,27.13,17.62,0.61,18.69,41.41,-30.45,8.75,-15.20,122,1000.00,*AB1176.00,
broadcasting
sending telemetry
SGP: OK
Collected data
161,232.97,51.09,47.445263,19.183102,195.946136,22121.400391,30.31,0.000000,1004.13,27.16,17.74,0.61,18.69,41.41,-30.45,8.75,-15.20,121,1000.00,*891176.00,
161,232.97,51.09,47.445263,19.183102,195.946136,22121.400391,30.31,0.000000,1004.13,27.16,17.74,0.61,18.69,41.41,-30.45,8.75,-15.20,121,1000.00,*891176.00,
broadcasting
sending telemetry
SGP: OK
Collected data
162,234.37,51.09,47.445263,19.183102,195.946136,22121.400391,30.31,0.000000,1004.11,27.19,18.27,0.61,18.69,41.41,-30.45,8.75,-15.20,119,1000.00,*631176.00,
162,234.37,51.09,47.445263,19.183102,195.946136,22121.400391,30.31,0.000000,1004.11,27.19,18.27,0.61,18.69,41.41,-30.45,8.75,-15.20,119,1000.00,*631176.00,
broadcasting
sending telemetry
SGP: OK
Collected data
163,235.77,51.09,47.445263,19.183102,195.946136,22121.400391,30.31,0.000000,1004.10,27.21,18.39,0.61,18.69,41.41,-30.45,8.75,-15.20,117,1000.00,*DA1176.00,
163,235.77,51.09,47.445263,19.183102,195.946136,22121.400391,30.31,0.000000,1004.10,27.21,18.39,0.61,18.69,41.41,-30.45,8.75,-15.20,117,1000.00,*DA1176.00,
broadcasting
sending telemetry
SGP: OK
Collected data
164,237.17,51.09,47.445263,19.183102,195.946136,22121.400391,30.31,0.000000,1004.12,27.23,18.42,0.61,18.69,41.41,-30.45,8.75,-15.20,115,1000.00,*1E1176.00,
164,237.17,51.09,47.445263,19.183102,195.946136,22121.400391,30.31,0.000000,1004.12,27.23,18.42,0.61,18.69,41.41,-30.45,8.75,-15.20,115,1000.00,*1E1176.00,
broadcasting
sending telemetry
SGP: OK
Collected data
165,238.57,51.09,47.445263,19.183102,195.946136,22121.400391,30.31,0.000000,1004.11,27.16,18.19,0.61,18.69,41.41,-30.45,8.75,-15.20,114,1000.00,*5C1176.00,
165,238.57,51.09,47.445263,19.183102,195.946136,22121.400391,30.31,0.000000,1004.11,27.16,18.19,0.61,18.69,41.41,-30.45,8.75,-15.20,114,1000.00,*5C1176.00,
broadcasting
sending telemetry
SGP: OK
Collected data
166,239.97,51.09,47.445263,19.183102,195.946136,22121.400391,30.31,0.000000,1004.13,27.10,17.85,0.61,18.69,41.41,-30.45,8.75,-15.20,112,1000.00,*261176.00,
166,239.97,51.09,47.445263,19.183102,195.946136,22121.400391,30.31,0.000000,1004.13,27.10,17.85,0.61,18.69,41.41,-30.45,8.75,-15.20,112,1000.00,*261176.00,
broadcasting
sending telemetry
SGP: OK
Collected data
167,241.37,51.09,47.445263,19.183102,195.946136,22121.400391,30.31,0.000000,1004.13,27.12,17.76,0.61,18.69,41.41,-30.45,8.75,-15.20,110,1000.00,*CD1176.00,
167,241.37,51.09,47.445263,19.183102,195.946136,22121.400391,30.31,0.000000,1004.13,27.12,17.76,0.61,18.69,41.41,-30.45,8.75,-15.20,110,1000.00,*CD1176.00,
broadcasting
sending telemetry
SGP: OK
Collected data
168,242.77,51.09,47.445259,19.183109,195.947861,22121.126953,30.31,0.000000,1004.14,27.12,17.67,0.61,18.69,41.41,-30.45,8.75,-15.20,108,1000.00,*6A1176.00,
168,242.77,51.09,47.445259,19.183109,195.947861,22121.126953,30.31,0.000000,1004.14,27.12,17.67,0.61,18.69,41.41,-30.45,8.75,-15.20,108,1000.00,*6A1176.00,
broadcasting
sending telemetry
SGP: OK
Collected data
169,244.17,51.09,47.445259,19.183109,195.947647,22121.181641,30.31,0.000000,1004.13,27.01,17.56,0.61,18.69,41.41,-30.45,8.75,-15.20,106,1000.00,*591176.00,
169,244.17,51.09,47.445259,19.183109,195.947647,22121.181641,30.31,0.000000,1004.13,27.01,17.56,0.61,18.69,41.41,-30.45,8.75,-15.20,106,1000.00,*591176.00,
broadcasting
sending telemetry
SGP: OK
Collected data
170,245.57,51.09,47.445259,19.183107,195.947556,22121.169922,30.31,0.000000,1004.12,27.00,17.56,0.61,18.69,41.41,-30.45,8.75,-15.20,104,1000.00,*C71176.00,
170,245.57,51.09,47.445259,19.183107,195.947556,22121.169922,30.31,0.000000,1004.12,27.00,17.56,0.61,18.69,41.41,-30.45,8.75,-15.20,104,1000.00,*C71176.00,
broadcasting
sending telemetry
SGP: OK
Collected data
171,246.97,51.09,47.445259,19.183107,195.947433,22121.195312,30.31,0.000000,1004.12,27.04,17.69,0.61,18.69,41.41,-30.45,8.75,-15.20,102,1000.00,*181176.00,
171,246.97,51.09,47.445259,19.183107,195.947433,22121.195312,30.31,0.000000,1004.12,27.04,17.69,0.61,18.69,41.41,-30.45,8.75,-15.20,102,1000.00,*181176.00,
broadcasting
sending telemetry
SGP: OK
Collected data
172,248.37,51.09,47.445259,19.183107,195.947433,22121.195312,30.31,0.000000,1004.12,27.09,17.86,0.61,18.69,41.41,-30.45,8.75,-15.20,100,1000.00,*981176.00,
172,248.37,51.09,47.445259,19.183107,195.947433,22121.195312,30.31,0.000000,1004.12,27.09,17.86,0.61,18.69,41.41,-30.45,8.75,-15.20,100,1000.00,*981176.00,
broadcasting
sending telemetry
SGP: OK
Collected data
173,249.77,50.45,47.445259,19.183107,195.947433,22121.195312,30.31,0.000000,1004.10,27.12,17.97,0.61,18.69,41.41,-30.45,8.75,-15.20,98,1000.00,*211168.00,
173,249.77,50.45,47.445259,19.183107,195.947433,22121.195312,30.31,0.000000,1004.10,27.12,17.97,0.61,18.69,41.41,-30.45,8.75,-15.20,98,1000.00,*211168.00,
broadcasting
sending telemetry
SGP: OK
Collected data
174,251.18,51.09,47.445259,19.183107,195.947433,22121.195312,30.31,0.000000,1004.10,27.14,18.02,0.61,18.69,41.41,-30.45,8.75,-15.20,96,1000.00,*821168.00,
174,251.18,51.09,47.445259,19.183107,195.947433,22121.195312,30.31,0.000000,1004.10,27.14,18.02,0.61,18.69,41.41,-30.45,8.75,-15.20,96,1000.00,*821168.00,
broadcasting
sending telemetry
SGP: OK
Collected data
175,252.57,51.09,47.445259,19.183107,195.947433,22121.195312,30.31,0.000000,1004.13,27.04,17.78,0.61,18.69,41.41,-30.45,8.75,-15.20,94,1000.00,*C81168.00,
175,252.57,51.09,47.445259,19.183107,195.947433,22121.195312,30.31,0.000000,1004.13,27.04,17.78,0.61,18.69,41.41,-30.45,8.75,-15.20,94,1000.00,*C81168.00,
broadcasting
sending telemetry
SGP: OK
Collected data
176,253.98,51.09,47.445259,19.183107,195.947433,22121.195312,30.31,0.000000,1004.13,27.09,17.85,0.61,18.69,41.41,-30.45,8.75,-15.20,93,1000.00,*131168.00,
176,253.98,51.09,47.445259,19.183107,195.947433,22121.195312,30.31,0.000000,1004.13,27.09,17.85,0.61,18.69,41.41,-30.45,8.75,-15.20,93,1000.00,*131168.00,
broadcasting
sending telemetry
SGP: OK
Collected data
177,255.37,51.09,47.445259,19.183107,195.947433,22121.195312,30.31,0.000000,1004.12,27.13,17.98,0.61,18.69,41.41,-30.45,8.75,-15.20,92,1000.00,*CB1168.00,
177,255.37,51.09,47.445259,19.183107,195.947433,22121.195312,30.31,0.000000,1004.12,27.13,17.98,0.61,18.69,41.41,-30.45,8.75,-15.20,92,1000.00,*CB1168.00,
broadcasting
sending telemetry
SGP: OK
Collected data
178,256.77,51.09,47.445259,19.183107,195.947433,22121.195312,30.31,0.000000,1004.13,27.05,17.83,0.61,18.69,41.41,-30.45,8.75,-15.20,92,1000.00,*631168.00,
178,256.77,51.09,47.445259,19.183107,195.947433,22121.195312,30.31,0.000000,1004.13,27.05,17.83,0.61,18.69,41.41,-30.45,8.75,-15.20,92,1000.00,*631168.00,
broadcasting
sending telemetry
SGP: OK
Collected data
179,258.17,51.09,47.445259,19.183107,195.947433,22121.195312,30.31,0.000000,1004.11,26.91,17.48,0.61,18.69,41.41,-30.45,8.75,-15.20,95,1000.00,*1C1168.00,
179,258.17,51.09,47.445259,19.183107,195.947433,22121.195312,30.31,0.000000,1004.11,26.91,17.48,0.61,18.69,41.41,-30.45,8.75,-15.20,95,1000.00,*1C1168.00,
broadcasting
sending telemetry
SGP: OK
Collected data
180,259.57,51.09,47.445259,19.183107,195.947433,22121.195312,30.31,0.000000,1004.14,26.84,17.32,0.61,18.69,41.41,-30.45,8.75,-15.20,98,1000.00,*521168.00,
180,259.57,51.09,47.445259,19.183107,195.947433,22121.195312,30.31,0.000000,1004.14,26.84,17.32,0.61,18.69,41.41,-30.45,8.75,-15.20,98,1000.00,*521168.00,
broadcasting
sending telemetry
SGP: OK
Collected data
181,260.97,51.09,47.445259,19.183107,195.947433,22121.195312,30.31,0.000000,1004.14,26.88,17.28,0.61,18.69,41.41,-30.45,8.75,-15.20,100,1000.00,*3C1176.00,
181,260.97,51.09,47.445259,19.183107,195.947433,22121.195312,30.31,0.000000,1004.14,26.88,17.28,0.61,18.69,41.41,-30.45,8.75,-15.20,100,1000.00,*3C1176.00,
broadcasting
sending telemetry
SGP: OK
Collected data
182,262.38,51.73,47.445259,19.183107,195.947433,22121.195312,30.31,0.000000,1004.12,26.91,17.36,0.61,18.69,41.41,-30.45,8.75,-15.20,100,1000.00,*501176.00,
182,262.38,51.73,47.445259,19.183107,195.947433,22121.195312,30.31,0.000000,1004.12,26.91,17.36,0.61,18.69,41.41,-30.45,8.75,-15.20,100,1000.00,*501176.00,
broadcasting
sending telemetry
SGP: OK
Collected data
183,263.77,51.09,47.445259,19.183100,195.946121,22120.994141,30.31,0.000000,1004.11,26.97,17.46,0.61,18.69,41.41,-30.45,8.75,-15.20,100,1000.00,*5B1176.00,
183,263.77,51.09,47.445259,19.183100,195.946121,22120.994141,30.31,0.000000,1004.11,26.97,17.46,0.61,18.69,41.41,-30.45,8.75,-15.20,100,1000.00,*5B1176.00,
broadcasting
sending telemetry
SGP: OK
Collected data
184,265.17,51.09,47.445259,19.183098,195.945679,22121.060547,30.31,0.000000,1004.13,26.96,17.39,0.61,18.69,41.41,-30.45,8.75,-15.20,99,1000.00,*CC1168.00,
184,265.17,51.09,47.445259,19.183098,195.945679,22121.060547,30.31,0.000000,1004.13,26.96,17.39,0.61,18.69,41.41,-30.45,8.75,-15.20,99,1000.00,*CC1168.00,
broadcasting
sending telemetry
SGP: OK
Collected data
185,266.58,51.09,47.445259,19.183098,195.945465,22121.113281,30.31,0.000000,1004.15,26.93,17.28,0.61,18.69,41.41,-30.45,8.75,-15.20,98,1000.00,*8E1168.00,
185,266.58,51.09,47.445259,19.183098,195.945465,22121.113281,30.31,0.000000,1004.15,26.93,17.28,0.61,18.69,41.41,-30.45,8.75,-15.20,98,1000.00,*8E1168.00,
broadcasting
sending telemetry
SGP: OK
Collected data
186,267.98,51.73,47.445259,19.183098,195.945312,22121.136719,30.31,0.000000,1004.12,26.94,17.19,0.61,18.69,41.41,-30.45,8.75,-15.20,96,1000.00,*321168.00,
186,267.98,51.73,47.445259,19.183098,195.945312,22121.136719,30.31,0.000000,1004.12,26.94,17.19,0.61,18.69,41.41,-30.45,8.75,-15.20,96,1000.00,*321168.00,
broadcasting
sending telemetry
SGP: OK
Collected data
187,269.38,51.09,47.445259,19.183098,195.945312,22121.136719,30.31,0.000000,1004.14,26.93,17.14,0.61,18.69,41.41,-30.45,8.75,-15.20,95,1000.00,*A71168.00,
187,269.38,51.09,47.445259,19.183098,195.945312,22121.136719,30.31,0.000000,1004.14,26.93,17.14,0.61,18.69,41.41,-30.45,8.75,-15.20,95,1000.00,*A71168.00,
broadcasting
sending telemetry
SGP: OK
Collected data
188,270.77,51.09,47.445259,19.183098,195.945312,22121.136719,30.31,0.000000,1004.11,26.84,17.09,0.61,18.69,41.41,-30.45,8.75,-15.20,92,1000.00,*9D1168.00,
188,270.77,51.09,47.445259,19.183098,195.945312,22121.136719,30.31,0.000000,1004.11,26.84,17.09,0.61,18.69,41.41,-30.45,8.75,-15.20,92,1000.00,*9D1168.00,
broadcasting
sending telemetry
SGP: OK
Collected data
189,272.17,51.09,47.445259,19.183098,195.945312,22121.136719,30.31,0.000000,1004.13,26.87,17.11,0.61,18.69,41.41,-30.45,8.75,-15.20,90,1000.00,*311168.00,
189,272.17,51.09,47.445259,19.183098,195.945312,22121.136719,30.31,0.000000,1004.13,26.87,17.11,0.61,18.69,41.41,-30.45,8.75,-15.20,90,1000.00,*311168.00,
broadcasting
sending telemetry
SGP: OK
Collected data
190,273.58,51.09,47.445259,19.183098,195.945312,22121.136719,30.31,0.000000,1004.12,26.77,17.12,0.61,18.69,41.41,-30.45,8.75,-15.20,88,1000.00,*B61168.00,
190,273.58,51.09,47.445259,19.183098,195.945312,22121.136719,30.31,0.000000,1004.12,26.77,17.12,0.61,18.69,41.41,-30.45,8.75,-15.20,88,1000.00,*B61168.00,
broadcasting
sending telemetry
SGP: OK
Collected data
191,274.98,51.09,47.445259,19.183098,195.945312,22121.136719,30.31,0.000000,1004.10,26.61,17.13,0.61,18.69,41.41,-30.45,8.75,-15.20,86,1000.00,*FC1168.00,
191,274.98,51.09,47.445259,19.183098,195.945312,22121.136719,30.31,0.000000,1004.10,26.61,17.13,0.61,18.69,41.41,-30.45,8.75,-15.20,86,1000.00,*FC1168.00,
broadcasting
sending telemetry
SGP: OK
Collected data
192,276.38,50.45,47.445259,19.183098,195.945312,22121.136719,30.31,0.000000,1004.14,26.58,17.15,0.61,18.69,41.41,-30.45,8.75,-15.20,84,1000.00,*6A1168.00,
192,276.38,50.45,47.445259,19.183098,195.945312,22121.136719,30.31,0.000000,1004.14,26.58,17.15,0.61,18.69,41.41,-30.45,8.75,-15.20,84,1000.00,*6A1168.00,
broadcasting
sending telemetry
SGP: OK
Collected data
193,277.77,51.09,47.445259,19.183098,195.945312,22121.136719,30.31,0.000000,1004.11,26.60,17.20,0.61,18.69,41.41,-30.45,8.75,-15.20,82,1000.00,*371168.00,
193,277.77,51.09,47.445259,19.183098,195.945312,22121.136719,30.31,0.000000,1004.11,26.60,17.20,0.61,18.69,41.41,-30.45,8.75,-15.20,82,1000.00,*371168.00,
broadcasting
sending telemetry
SGP: OK
Collected data
194,279.17,51.09,47.445259,19.183098,195.945312,22121.136719,30.31,0.000000,1004.13,26.56,17.24,0.61,18.69,41.41,-30.45,8.75,-15.20,81,1000.00,*CA1168.00,
194,279.17,51.09,47.445259,19.183098,195.945312,22121.136719,30.31,0.000000,1004.13,26.56,17.24,0.61,18.69,41.41,-30.45,8.75,-15.20,81,1000.00,*CA1168.00,
broadcasting
sending telemetry
SGP: OK
Collected data
195,280.58,51.09,47.445259,19.183098,195.945312,22121.136719,30.31,0.000000,1004.12,26.61,17.31,0.61,18.69,41.41,-30.45,8.75,-15.20,79,1000.00,*9E1168.00,
195,280.58,51.09,47.445259,19.183098,195.945312,22121.136719,30.31,0.000000,1004.12,26.61,17.31,0.61,18.69,41.41,-30.45,8.75,-15.20,79,1000.00,*9E1168.00,
broadcasting
sending telemetry
SGP: OK
Collected data
196,281.97,51.09,47.445259,19.183098,195.945312,22121.136719,30.31,0.000000,1004.14,26.62,17.30,0.61,18.69,41.41,-30.45,8.75,-15.20,77,1000.00,*481168.00,
196,281.97,51.09,47.445259,19.183098,195.945312,22121.136719,30.31,0.000000,1004.14,26.62,17.30,0.61,18.69,41.41,-30.45,8.75,-15.20,77,1000.00,*481168.00,
broadcasting
sending telemetry
SGP: OK
Collected data
197,283.37,51.09,47.445259,19.183098,195.945312,22121.136719,30.31,0.000000,1004.13,26.63,17.33,0.61,18.69,41.41,-30.45,8.75,-15.20,76,1000.00,*DF1168.00,
197,283.37,51.09,47.445259,19.183098,195.945312,22121.136719,30.31,0.000000,1004.13,26.63,17.33,0.61,18.69,41.41,-30.45,8.75,-15.20,76,1000.00,*DF1168.00,
broadcasting
sending telemetry
SGP: OK
Collected data
198,284.77,51.09,47.445259,19.183083,195.942719,22120.523438,30.31,0.000000,1004.13,26.49,17.36,0.61,18.69,41.41,-30.45,8.75,-15.20,74,1000.00,*421168.00,
198,284.77,51.09,47.445259,19.183083,195.942719,22120.523438,30.31,0.000000,1004.13,26.49,17.36,0.61,18.69,41.41,-30.45,8.75,-15.20,74,1000.00,*421168.00,
broadcasting
sending telemetry
SGP: OK
Collected data
199,286.17,51.09,47.445255,19.183081,195.942642,22120.398438,30.31,0.000000,1004.15,26.37,17.52,0.61,18.69,41.41,-30.45,8.75,-15.20,73,1000.00,*981168.00,
199,286.17,51.09,47.445255,19.183081,195.942642,22120.398438,30.31,0.000000,1004.15,26.37,17.52,0.61,18.69,41.41,-30.45,8.75,-15.20,73,1000.00,*981168.00,
broadcasting
sending telemetry
SGP: OK
Collected data
200,287.57,51.09,47.445255,19.183081,195.942612,22120.298828,30.31,0.000000,1004.15,26.31,17.61,0.61,18.69,41.41,-30.45,8.75,-15.20,72,1000.00,*511168.00,
200,287.57,51.09,47.445255,19.183081,195.942612,22120.298828,30.31,0.000000,1004.15,26.31,17.61,0.61,18.69,41.41,-30.45,8.75,-15.20,72,1000.00,*511168.00,
broadcasting
sending telemetry
SGP: OK
Collected data
201,288.97,50.45,47.445255,19.183081,195.942612,22120.203125,30.31,0.000000,1004.14,26.29,17.66,0.61,18.69,41.41,-30.45,8.75,-15.20,71,1000.00,*B71168.00,
201,288.97,50.45,47.445255,19.183081,195.942612,22120.203125,30.31,0.000000,1004.14,26.29,17.66,0.61,18.69,41.41,-30.45,8.75,-15.20,71,1000.00,*B71168.00,
broadcasting
sending telemetry
SGP: OK
Collected data
202,290.37,50.45,47.445255,19.183081,195.942612,22120.203125,30.31,0.000000,1004.15,26.37,17.79,0.61,18.69,41.41,-30.45,8.75,-15.20,70,1000.00,*F51168.00,
202,290.37,50.45,47.445255,19.183081,195.942612,22120.203125,30.31,0.000000,1004.15,26.37,17.79,0.61,18.69,41.41,-30.45,8.75,-15.20,70,1000.00,*F51168.00,
broadcasting
sending telemetry
SGP: OK
Collected data
203,291.77,51.09,47.445255,19.183081,195.942612,22120.203125,30.31,0.000000,1004.15,26.42,18.03,0.61,18.69,41.41,-30.45,8.75,-15.20,68,1000.00,*FF1168.00,
203,291.77,51.09,47.445255,19.183081,195.942612,22120.203125,30.31,0.000000,1004.15,26.42,18.03,0.61,18.69,41.41,-30.45,8.75,-15.20,68,1000.00,*FF1168.00,
broadcasting
sending telemetry
SGP: OK
Collected data
204,293.17,51.09,47.445255,19.183081,195.942612,22120.203125,30.31,0.000000,1004.12,26.48,18.17,0.61,18.69,41.41,-30.45,8.75,-15.20,67,1000.00,*811168.00,
204,293.17,51.09,47.445255,19.183081,195.942612,22120.203125,30.31,0.000000,1004.12,26.48,18.17,0.61,18.69,41.41,-30.45,8.75,-15.20,67,1000.00,*811168.00,
broadcasting
sending telemetry
SGP: OK
Collected data
205,294.57,51.09,47.445255,19.183081,195.942612,22120.203125,30.31,0.000000,1004.09,26.53,18.19,0.61,18.69,41.41,-30.45,8.75,-15.20,67,1000.00,*501168.00,
205,294.57,51.09,47.445255,19.183081,195.942612,22120.203125,30.31,0.000000,1004.09,26.53,18.19,0.61,18.69,41.41,-30.45,8.75,-15.20,67,1000.00,*501168.00,
broadcasting
sending telemetry
SGP: OK
Collected data
206,295.97,51.09,47.445255,19.183081,195.942612,22120.203125,30.31,0.000000,1004.14,26.60,18.23,0.61,18.69,41.41,-30.45,8.75,-15.20,66,1000.00,*B31168.00,
206,295.97,51.09,47.445255,19.183081,195.942612,22120.203125,30.31,0.000000,1004.14,26.60,18.23,0.61,18.69,41.41,-30.45,8.75,-15.20,66,1000.00,*B31168.00,
broadcasting
sending telemetry
SGP: OK
Collected data
207,297.37,51.09,47.445255,19.183081,195.942612,22120.203125,30.31,0.000000,1004.10,26.66,18.21,0.61,18.69,41.41,-30.45,8.75,-15.20,66,1000.00,*2C1168.00,
207,297.37,51.09,47.445255,19.183081,195.942612,22120.203125,30.31,0.000000,1004.10,26.66,18.21,0.61,18.69,41.41,-30.45,8.75,-15.20,66,1000.00,*2C1168.00,
broadcasting
sending telemetry
SGP: OK
Collected data
208,298.77,51.09,47.445255,19.183081,195.942612,22120.203125,30.31,0.000000,1004.13,26.70,18.08,0.61,18.69,41.41,-30.45,8.75,-15.20,65,1000.00,*2F1168.00,
208,298.77,51.09,47.445255,19.183081,195.942612,22120.203125,30.31,0.000000,1004.13,26.70,18.08,0.61,18.69,41.41,-30.45,8.75,-15.20,65,1000.00,*2F1168.00,
broadcasting
sending telemetry
SGP: OK
Collected data
209,300.17,51.09,47.445255,19.183081,195.942612,22120.203125,30.31,0.000000,1004.13,26.65,17.83,0.61,18.69,41.41,-30.45,8.75,-15.20,65,1000.00,*111168.00,
209,300.17,51.09,47.445255,19.183081,195.942612,22120.203125,30.31,0.000000,1004.13,26.65,17.83,0.61,18.69,41.41,-30.45,8.75,-15.20,65,1000.00,*111168.00,
broadcasting
sending telemetry
SGP: OK
Collected data
210,301.57,51.09,47.445255,19.183081,195.942612,22120.203125,30.31,0.000000,1004.12,26.63,17.71,0.61,18.69,41.41,-30.45,8.75,-15.20,64,1000.00,*B21168.00,
210,301.57,51.09,47.445255,19.183081,195.942612,22120.203125,30.31,0.000000,1004.12,26.63,17.71,0.61,18.69,41.41,-30.45,8.75,-15.20,64,1000.00,*B21168.00,
broadcasting
sending telemetry
SGP: OK
Collected data
211,302.97,51.09,47.445255,19.183081,195.942612,22120.203125,30.31,0.000000,1004.14,26.64,17.67,0.61,18.69,41.41,-30.45,8.75,-15.20,64,1000.00,*C51168.00,
211,302.97,51.09,47.445255,19.183081,195.942612,22120.203125,30.31,0.000000,1004.14,26.64,17.67,0.61,18.69,41.41,-30.45,8.75,-15.20,64,1000.00,*C51168.00,
broadcasting
sending telemetry
SGP: OK
Collected data
212,304.37,50.45,47.445255,19.183081,195.942612,22120.203125,30.31,0.000000,1004.15,26.62,17.74,0.61,18.69,41.41,-30.45,8.75,-15.20,64,1000.00,*F01168.00,
212,304.37,50.45,47.445255,19.183081,195.942612,22120.203125,30.31,0.000000,1004.15,26.62,17.74,0.61,18.69,41.41,-30.45,8.75,-15.20,64,1000.00,*F01168.00,
broadcasting
sending telemetry
SGP: OK
Collected data
213,305.77,51.09,47.445255,19.183081,195.942612,22120.203125,30.31,0.000000,1004.12,26.70,17.81,0.61,18.69,41.41,-30.45,8.75,-15.20,63,1000.00,*BC1168.00,
213,305.77,51.09,47.445255,19.183081,195.942612,22120.203125,30.31,0.000000,1004.12,26.70,17.81,0.61,18.69,41.41,-30.45,8.75,-15.20,63,1000.00,*BC1168.00,
broadcasting
sending telemetry
SGP: OK
Collected data
214,307.17,50.45,47.445248,19.183079,195.943146,22119.298828,30.31,0.000000,1004.09,26.76,18.06,0.61,18.69,41.41,-30.45,8.75,-15.20,63,1000.00,*B31168.00,
214,307.17,50.45,47.445248,19.183079,195.943146,22119.298828,30.31,0.000000,1004.09,26.76,18.06,0.61,18.69,41.41,-30.45,8.75,-15.20,63,1000.00,*B31168.00,
broadcasting
sending telemetry
SGP: OK
Collected data
215,308.57,50.45,47.445248,19.183081,195.943192,22119.283203,30.31,0.000000,1004.11,26.79,18.11,0.61,18.69,41.41,-30.45,8.75,-15.20,63,1000.00,*341168.00,
215,308.57,50.45,47.445248,19.183081,195.943192,22119.283203,30.31,0.000000,1004.11,26.79,18.11,0.61,18.69,41.41,-30.45,8.75,-15.20,63,1000.00,*341168.00,
broadcasting
sending telemetry
SGP: OK
Collected data
216,309.97,50.45,47.445244,19.183081,195.943237,22119.230469,30.31,0.000000,1004.10,26.73,17.90,0.61,18.69,41.41,-30.45,8.75,-15.20,63,1000.00,*9A1168.00,
216,309.97,50.45,47.445244,19.183081,195.943237,22119.230469,30.31,0.000000,1004.10,26.73,17.90,0.61,18.69,41.41,-30.45,8.75,-15.20,63,1000.00,*9A1168.00,
broadcasting
sending telemetry
SGP: OK
Collected data
217,311.37,50.45,47.445244,19.183081,195.943237,22119.230469,30.31,0.000000,1004.09,26.73,17.80,0.61,18.69,41.41,-30.45,8.75,-15.20,63,1000.00,*EA1168.00,
217,311.37,50.45,47.445244,19.183081,195.943237,22119.230469,30.31,0.000000,1004.09,26.73,17.80,0.61,18.69,41.41,-30.45,8.75,-15.20,63,1000.00,*EA1168.00,
broadcasting
sending telemetry
SGP: OK
Collected data
218,312.77,50.45,47.445244,19.183081,195.943237,22119.230469,30.31,0.000000,1004.13,26.68,17.68,0.61,18.69,41.41,-30.45,8.75,-15.20,63,1000.00,*D11168.00,
218,312.77,50.45,47.445244,19.183081,195.943237,22119.230469,30.31,0.000000,1004.13,26.68,17.68,0.61,18.69,41.41,-30.45,8.75,-15.20,63,1000.00,*D11168.00,
broadcasting
sending telemetry
SGP: OK
Collected data
219,314.17,50.45,47.445244,19.183081,195.943237,22119.230469,30.31,0.000000,1004.13,26.66,17.65,0.61,18.69,41.41,-30.45,8.75,-15.20,63,1000.00,*161168.00,
219,314.17,50.45,47.445244,19.183081,195.943237,22119.230469,30.31,0.000000,1004.13,26.66,17.65,0.61,18.69,41.41,-30.45,8.75,-15.20,63,1000.00,*161168.00,
broadcasting
sending telemetry
SGP: OK
Collected data
220,315.57,50.45,47.445244,19.183081,195.943237,22119.230469,30.31,0.000000,1004.12,26.73,17.77,0.61,18.69,41.41,-30.45,8.75,-15.20,63,1000.00,*DA1168.00,
220,315.57,50.45,47.445244,19.183081,195.943237,22119.230469,30.31,0.000000,1004.12,26.73,17.77,0.61,18.69,41.41,-30.45,8.75,-15.20,63,1000.00,*DA1168.00,
broadcasting
sending telemetry
SGP: OK
Collected data
221,316.97,50.45,47.445244,19.183081,195.943237,22119.230469,30.31,0.000000,1004.10,26.67,17.77,0.61,18.69,41.41,-30.45,8.75,-15.20,63,1000.00,*EB1168.00,
221,316.97,50.45,47.445244,19.183081,195.943237,22119.230469,30.31,0.000000,1004.10,26.67,17.77,0.61,18.69,41.41,-30.45,8.75,-15.20,63,1000.00,*EB1168.00,
broadcasting
sending telemetry
SGP: OK
Collected data
222,318.37,50.45,47.445244,19.183081,195.943237,22119.230469,30.31,0.000000,1004.10,26.57,17.82,0.61,18.69,41.41,-30.45,8.75,-15.20,63,1000.00,*741168.00,
222,318.37,50.45,47.445244,19.183081,195.943237,22119.230469,30.31,0.000000,1004.10,26.57,17.82,0.61,18.69,41.41,-30.45,8.75,-15.20,63,1000.00,*741168.00,
broadcasting
sending telemetry
SGP: OK
Collected data
223,319.77,50.45,47.445244,19.183081,195.943237,22119.230469,30.31,0.000000,1004.14,26.46,18.05,0.61,18.69,41.41,-30.45,8.75,-15.20,63,1000.00,*901168.00,
223,319.77,50.45,47.445244,19.183081,195.943237,22119.230469,30.31,0.000000,1004.14,26.46,18.05,0.61,18.69,41.41,-30.45,8.75,-15.20,63,1000.00,*901168.00,
broadcasting
sending telemetry
SGP: OK
Collected data
224,321.17,49.82,47.445244,19.183081,195.943237,22119.230469,30.31,0.000000,1004.13,26.38,18.30,0.61,18.69,41.41,-30.45,8.75,-15.20,63,1000.00,*151168.00,
224,321.17,49.82,47.445244,19.183081,195.943237,22119.230469,30.31,0.000000,1004.13,26.38,18.30,0.61,18.69,41.41,-30.45,8.75,-15.20,63,1000.00,*151168.00,
broadcasting
sending telemetry
SGP: OK
Collected data
225,322.57,50.45,47.445244,19.183081,195.943237,22119.230469,30.31,0.000000,1004.14,26.43,18.45,0.61,18.69,41.41,-30.45,8.75,-15.20,62,1000.00,*831168.00,
225,322.57,50.45,47.445244,19.183081,195.943237,22119.230469,30.31,0.000000,1004.14,26.43,18.45,0.61,18.69,41.41,-30.45,8.75,-15.20,62,1000.00,*831168.00,
broadcasting
sending telemetry
SGP: OK
Collected data
226,323.97,50.45,47.445244,19.183081,195.943237,22119.230469,30.31,0.000000,1004.14,26.38,18.23,0.61,18.69,41.41,-30.45,8.75,-15.20,62,1000.00,*851168.00,
226,323.97,50.45,47.445244,19.183081,195.943237,22119.230469,30.31,0.000000,1004.14,26.38,18.23,0.61,18.69,41.41,-30.45,8.75,-15.20,62,1000.00,*851168.00,
