SGP: OK
Collected data
14,27.17,42.18,0.00,0.00,16.83,5573068.00,0.00,0.00,1005.05,23.26,28.94,0.61,18.69,-27.25,-13.02,8.75,-15.20,0,1000.00,*B2976.00,
14,27.17,42.18,0.00,0.00,16.83,5573068.00,0.00,0.00,1005.05,23.26,28.94,0.61,18.69,-27.25,-13.02,8.75,-15.20,0,1000.00,*B2976.00,
broadcasting
sending telemetry
SGP: OK
Collected data
15,28.56,42.18,0.00,0.00,16.83,5573068.00,0.00,0.00,1005.06,23.27,28.93,0.61,18.69,-27.25,-13.02,8.75,-15.20,0,1000.00,*DC976.00,
15,28.56,42.18,0.00,0.00,16.83,5573068.00,0.00,0.00,1005.06,23.27,28.93,0.61,18.69,-27.25,-13.02,8.75,-15.20,0,1000.00,*DC976.00,
broadcasting
sending telemetry
SGP: OK
Collected data
16,29.96,42.18,0.00,0.00,16.83,5573068.00,0.00,0.00,1005.07,23.26,28.92,0.61,18.69,-27.25,-13.02,8.75,-15.20,0,1000.00,*1F976.00,
16,29.96,42.18,0.00,0.00,16.83,5573068.00,0.00,0.00,1005.07,23.26,28.92,0.61,18.69,-27.25,-13.02,8.75,-15.20,0,1000.00,*1F976.00,
broadcasting
sending telemetry
SGP: OK
Collected data
17,31.35,42.18,0.00,0.00,16.83,5573068.00,0.00,0.00,1005.07,23.25,28.93,0.61,18.69,-27.25,-13.02,8.75,-15.20,0,1000.00,*E7976.00,
17,31.35,42.18,0.00,0.00,16.83,5573068.00,0.00,0.00,1005.07,23.25,28.93,0.61,18.69,-27.25,-13.02,8.75,-15.20,0,1000.00,*E7976.00,
broadcasting
sending telemetry
SGP: OK
Collected data
18,32.75,42.18,0.00,0.00,16.83,5573068.00,0.00,0.00,1005.06,23.24,28.92,0.61,18.69,-27.25,-13.02,8.75,-15.20,0,1000.00,*91976.00,
18,32.75,42.18,0.00,0.00,16.83,5573068.00,0.00,0.00,1005.06,23.24,28.92,0.61,18.69,-27.25,-13.02,8.75,-15.20,0,1000.00,*91976.00,
broadcasting
sending telemetry
SGP: OK
Collected data
19,34.15,42.82,0.00,0.00,16.83,5573068.00,0.00,0.00,1005.08,23.25,28.92,0.61,18.69,-27.25,-13.02,8.75,-15.20,0,1000.00,*95976.00,
19,34.15,42.82,0.00,0.00,16.83,5573068.00,0.00,0.00,1005.08,23.25,28.92,0.61,18.69,-27.25,-13.02,8.75,-15.20,0,1000.00,*95976.00,
broadcasting
sending telemetry
SGP: OK
Collected data
20,35.54,42.18,0.00,0.00,16.83,5573068.00,0.00,0.00,1005.06,23.24,28.92,0.61,18.69,-27.25,-13.02,8.75,-15.20,0,1000.00,*F2976.00,
20,35.54,42.18,0.00,0.00,16.83,5573068.00,0.00,0.00,1005.06,23.24,28.92,0.61,18.69,-27.25,-13.02,8.75,-15.20,0,1000.00,*F2976.00,
broadcasting
sending telemetry
SGP: OK
Collected data
21,36.94,42.82,0.00,0.00,16.83,5573068.00,0.00,0.00,1005.05,23.23,28.94,0.61,18.69,-27.25,-13.02,8.75,-15.20,0,1000.00,*37976.00,
21,36.94,42.82,0.00,0.00,16.83,5573068.00,0.00,0.00,1005.05,23.23,28.94,0.61,18.69,-27.25,-13.02,8.75,-15.20,0,1000.00,*37976.00,
broadcasting
sending telemetry
SGP: OK
Collected data
22,38.33,42.82,0.00,0.00,16.83,5573068.00,0.00,0.00,1005.07,23.24,28.95,0.61,18.69,-27.25,-13.02,8.75,-15.20,0,1000.00,*4F976.00,
22,38.33,42.82,0.00,0.00,16.83,5573068.00,0.00,0.00,1005.07,23.24,28.95,0.61,18.69,-27.25,-13.02,8.75,-15.20,0,1000.00,*4F976.00,
broadcasting
sending telemetry
SGP: OK
Collected data
23,39.73,43.45,0.00,0.00,16.83,5573068.00,0.00,0.00,1005.07,23.23,28.95,0.61,18.69,-27.25,-13.02,8.75,-15.20,0,1000.00,*B7976.00,
23,39.73,43.45,0.00,0.00,16.83,5573068.00,0.00,0.00,1005.07,23.23,28.95,0.61,18.69,-27.25,-13.02,8.75,-15.20,0,1000.00,*B7976.00,
broadcasting
sending telemetry
SGP: OK
Collected data
24,41.12,43.45,0.00,0.00,16.83,5573068.00,0.00,0.00,1005.06,23.23,28.94,0.61,18.69,-27.25,-13.02,8.75,-15.20,0,1000.00,*99976.00,
24,41.12,43.45,0.00,0.00,16.83,5573068.00,0.00,0.00,1005.06,23.23,28.94,0.61,18.69,-27.25,-13.02,8.75,-15.20,0,1000.00,*99976.00,
broadcasting
sending telemetry
SGP: OK
Collected data
25,42.52,43.45,0.00,0.00,16.83,5573068.00,0.00,0.00,1005.06,23.23,28.93,0.61,18.69,-27.25,-13.02,8.75,-15.20,0,1000.00,*C0976.00,
25,42.52,43.45,0.00,0.00,16.83,5573068.00,0.00,0.00,1005.06,23.23,28.93,0.61,18.69,-27.25,-13.02,8.75,-15.20,0,1000.00,*C0976.00,
broadcasting
sending telemetry
SGP: OK
Collected data
26,43.91,43.45,0.00,0.00,16.83,5573068.00,0.00,0.00,1005.09,23.24,28.94,0.61,18.69,-27.25,-13.02,8.75,-15.20,0,1000.00,*87976.00,
26,43.91,43.45,0.00,0.00,16.83,5573068.00,0.00,0.00,1005.09,23.24,28.94,0.61,18.69,-27.25,-13.02,8.75,-15.20,0,1000.00,*87976.00,
broadcasting
sending telemetry
SGP: OK
Collected data
27,45.31,43.45,0.00,0.00,16.83,5573068.00,0.00,0.00,1005.08,23.23,28.93,0.61,18.69,-27.25,-13.02,8.75,-15.20,0,1000.00,*68976.00,
27,45.31,43.45,0.00,0.00,16.83,5573068.00,0.00,0.00,1005.08,23.23,28.93,0.61,18.69,-27.25,-13.02,8.75,-15.20,0,1000.00,*68976.00,
broadcasting
sending telemetry
SGP: OK
Collected data
28,46.71,43.45,0.00,0.00,16.83,5573068.00,0.00,0.00,1005.04,23.23,28.93,0.61,18.69,-27.25,-13.02,8.75,-15.20,0,1000.00,*BA976.00,
28,46.71,43.45,0.00,0.00,16.83,5573068.00,0.00,0.00,1005.04,23.23,28.93,0.61,18.69,-27.25,-13.02,8.75,-15.20,0,1000.00,*BA976.00,
broadcasting
sending telemetry
SGP: OK
Collected data
29,48.10,43.45,0.00,0.00,16.83,5573068.00,0.00,0.00,1005.05,23.23,28.95,0.61,18.69,-27.25,-13.02,8.75,-15.20,0,1000.00,*76976.00,
29,48.10,43.45,0.00,0.00,16.83,5573068.00,0.00,0.00,1005.05,23.23,28.95,0.61,18.69,-27.25,-13.02,8.75,-15.20,0,1000.00,*76976.00,
broadcasting
sending telemetry
SGP: OK
Collected data
30,49.50,43.45,0.00,0.00,16.83,5573068.00,0.00,0.00,1005.09,23.24,28.95,0.61,18.69,-27.25,-13.02,8.75,-15.20,0,1000.00,*B0976.00,
30,49.50,43.45,0.00,0.00,16.83,5573068.00,0.00,0.00,1005.09,23.24,28.95,0.61,18.69,-27.25,-13.02,8.75,-15.20,0,1000.00,*B0976.00,
broadcasting
sending telemetry
SGP: OK
Collected data
31,50.89,43.45,0.00,0.00,16.83,5573068.00,0.00,0.00,1005.05,23.23,28.94,0.61,18.69,-27.25,-13.02,8.75,-15.20,0,1000.00,*CE976.00,
31,50.89,43.45,0.00,0.00,16.83,5573068.00,0.00,0.00,1005.05,23.23,28.94,0.61,18.69,-27.25,-13.02,8.75,-15.20,0,1000.00,*CE976.00,
broadcasting
sending telemetry
SGP: OK
Collected data
32,52.29,43.45,0.00,0.00,16.83,5573068.00,0.00,0.00,1005.04,23.23,28.94,0.61,18.69,-27.25,-13.02,8.75,-15.20,0,1000.00,*66976.00,
32,52.29,43.45,0.00,0.00,16.83,5573068.00,0.00,0.00,1005.04,23.23,28.94,0.61,18.69,-27.25,-13.02,8.75,-15.20,0,1000.00,*66976.00,
broadcasting
sending telemetry
SGP: OK
Collected data
33,53.68,43.45,0.00,0.00,16.83,5573068.00,0.00,0.00,1005.05,23.23,28.93,0.61,18.69,-27.25,-13.02,8.75,-15.20,0,1000.00,*F5976.00,
33,53.68,43.45,0.00,0.00,16.83,5573068.00,0.00,0.00,1005.05,23.23,28.93,0.61,18.69,-27.25,-13.02,8.75,-15.20,0,1000.00,*F5976.00,
broadcasting
sending telemetry
SGP: OK
Collected data
34,55.08,44.09,0.00,0.00,16.83,5573068.00,0.00,0.00,1005.07,23.24,28.93,0.61,18.69,-27.25,-13.02,8.75,-15.20,0,1000.00,*F3976.00,
34,55.08,44.09,0.00,0.00,16.83,5573068.00,0.00,0.00,1005.07,23.24,28.93,0.61,18.69,-27.25,-13.02,8.75,-15.20,0,1000.00,*F3976.00,
broadcasting
sending telemetry
SGP: OK
Collected data
35,56.47,44.09,0.00,0.00,16.83,5573068.00,0.00,0.00,1005.04,23.24,28.93,0.61,18.69,-27.25,-13.02,8.75,-15.20,0,1000.00,*F7976.00,
35,56.47,44.09,0.00,0.00,16.83,5573068.00,0.00,0.00,1005.04,23.24,28.93,0.61,18.69,-27.25,-13.02,8.75,-15.20,0,1000.00,*F7976.00,
broadcasting
sending telemetry
SGP: OK
Collected data
36,57.87,44.09,0.00,0.00,16.83,5573068.00,0.00,0.00,1005.05,23.24,28.92,0.61,18.69,-27.25,-13.02,8.75,-15.20,0,1000.00,*16976.00,
36,57.87,44.09,0.00,0.00,16.83,5573068.00,0.00,0.00,1005.05,23.24,28.92,0.61,18.69,-27.25,-13.02,8.75,-15.20,0,1000.00,*16976.00,
broadcasting
sending telemetry
SGP: OK
Collected data
37,59.27,44.09,0.00,0.00,16.83,5573068.00,0.00,0.00,1005.05,23.25,28.91,0.61,18.69,-27.25,-13.02,8.75,-15.20,0,1000.00,*6D976.00,
37,59.27,44.09,0.00,0.00,16.83,5573068.00,0.00,0.00,1005.05,23.25,28.91,0.61,18.69,-27.25,-13.02,8.75,-15.20,0,1000.00,*6D976.00,
broadcasting
sending telemetry
SGP: OK
Collected data
38,60.66,44.09,0.00,0.00,16.83,5573068.00,0.00,0.00,1005.04,23.25,28.91,0.61,18.69,-27.25,-13.02,8.75,-15.20,0,1000.00,*76976.00,
38,60.66,44.09,0.00,0.00,16.83,5573068.00,0.00,0.00,1005.04,23.25,28.91,0.61,18.69,-27.25,-13.02,8.75,-15.20,0,1000.00,*76976.00,
broadcasting
sending telemetry
SGP: OK
Collected data
39,62.06,44.09,0.00,0.00,16.83,5573068.00,0.00,0.00,1005.06,23.25,28.90,0.61,18.69,-27.25,-13.02,8.75,-15.20,0,1000.00,*B5976.00,
39,62.06,44.09,0.00,0.00,16.83,5573068.00,0.00,0.00,1005.06,23.25,28.90,0.61,18.69,-27.25,-13.02,8.75,-15.20,0,1000.00,*B5976.00,
broadcasting
sending telemetry
SGP: OK
Collected data
40,63.45,44.09,0.00,0.00,16.83,5573068.00,0.00,0.00,1005.02,23.25,28.89,0.61,18.69,-27.25,-13.02,8.75,-15.20,0,1000.00,*22976.00,
40,63.45,44.09,0.00,0.00,16.83,5573068.00,0.00,0.00,1005.02,23.25,28.89,0.61,18.69,-27.25,-13.02,8.75,-15.20,0,1000.00,*22976.00,
broadcasting
sending telemetry
SGP: OK
Collected data
41,64.85,44.73,0.00,0.00,16.83,5573068.00,0.00,0.00,1005.04,23.25,28.89,0.61,18.69,-27.25,-13.02,8.75,-15.20,0,1000.00,*8E976.00,
41,64.85,44.73,0.00,0.00,16.83,5573068.00,0.00,0.00,1005.04,23.25,28.89,0.61,18.69,-27.25,-13.02,8.75,-15.20,0,1000.00,*8E976.00,
broadcasting
sending telemetry
SGP: OK
Collected data
42,66.24,44.73,0.00,0.00,16.83,5573068.00,0.00,0.00,1005.08,23.25,28.87,0.61,18.69,-27.25,-13.02,8.75,-15.20,0,1000.00,*AC976.00,
42,66.24,44.73,0.00,0.00,16.83,5573068.00,0.00,0.00,1005.08,23.25,28.87,0.61,18.69,-27.25,-13.02,8.75,-15.20,0,1000.00,*AC976.00,
broadcasting
sending telemetry
SGP: OK
Collected data
43,67.64,44.73,0.00,0.00,16.83,5573068.00,0.00,0.00,1005.05,23.25,28.86,0.61,18.69,-27.25,-13.02,8.75,-15.20,0,1000.00,*EF976.00,
43,67.64,44.73,0.00,0.00,16.83,5573068.00,0.00,0.00,1005.05,23.25,28.86,0.61,18.69,-27.25,-13.02,8.75,-15.20,0,1000.00,*EF976.00,
broadcasting
sending telemetry
SGP: OK
Collected data
44,69.04,44.73,0.00,0.00,16.83,5573068.00,0.00,0.00,1005.05,23.25,28.90,0.61,18.69,-27.25,-13.02,8.75,-15.20,0,1000.00,*46976.00,
44,69.04,44.73,0.00,0.00,16.83,5573068.00,0.00,0.00,1005.05,23.25,28.90,0.61,18.69,-27.25,-13.02,8.75,-15.20,0,1000.00,*46976.00,
broadcasting
sending telemetry
SGP: OK
Collected data
45,70.43,44.73,0.00,0.00,16.83,5573068.00,0.00,0.00,1005.03,23.24,29.06,0.61,18.69,-27.25,-13.02,8.75,-15.20,0,1000.00,*15976.00,
45,70.43,44.73,0.00,0.00,16.83,5573068.00,0.00,0.00,1005.03,23.24,29.06,0.61,18.69,-27.25,-13.02,8.75,-15.20,0,1000.00,*15976.00,
broadcasting
sending telemetry
SGP: OK
Collected data
46,71.83,44.73,0.00,0.00,16.83,5573068.00,0.00,0.00,1005.03,23.25,29.12,0.61,18.69,-27.25,-13.02,8.75,-15.20,1,1000.00,*1F976.00,
46,71.83,44.73,0.00,0.00,16.83,5573068.00,0.00,0.00,1005.03,23.25,29.12,0.61,18.69,-27.25,-13.02,8.75,-15.20,1,1000.00,*1F976.00,
broadcasting
sending telemetry
SGP: OK
Collected data
47,73.22,45.36,0.00,0.00,16.83,5573068.00,0.00,0.00,1005.05,23.26,29.09,0.61,18.69,-27.25,-13.02,8.75,-15.20,1,1000.00,*2E976.00,
47,73.22,45.36,0.00,0.00,16.83,5573068.00,0.00,0.00,1005.05,23.26,29.09,0.61,18.69,-27.25,-13.02,8.75,-15.20,1,1000.00,*2E976.00,
broadcasting
sending telemetry
SGP: OK
Collected data
48,74.62,45.36,0.00,0.00,16.83,5573068.00,0.00,0.00,1005.03,23.26,29.05,0.61,18.69,-27.25,-13.02,8.75,-15.20,1,1000.00,*79976.00,
48,74.62,45.36,0.00,0.00,16.83,5573068.00,0.00,0.00,1005.03,23.26,29.05,0.61,18.69,-27.25,-13.02,8.75,-15.20,1,1000.00,*79976.00,
broadcasting
sending telemetry
SGP: OK
Collected data
49,76.01,44.73,0.00,0.00,16.83,5573068.00,0.00,0.00,1005.04,23.28,29.23,0.61,18.69,-27.25,-13.02,8.75,-15.20,2,1000.00,*F3976.00,
49,76.01,44.73,0.00,0.00,16.83,5573068.00,0.00,0.00,1005.04,23.28,29.23,0.61,18.69,-27.25,-13.02,8.75,-15.20,2,1000.00,*F3976.00,
broadcasting
sending telemetry
SGP: OK
Collected data
50,77.41,45.36,0.00,0.00,16.83,5573068.00,0.00,0.00,1005.07,23.29,29.33,0.61,18.69,-27.25,-13.02,8.75,-15.20,4,1000.00,*56976.00,
50,77.41,45.36,0.00,0.00,16.83,5573068.00,0.00,0.00,1005.07,23.29,29.33,0.61,18.69,-27.25,-13.02,8.75,-15.20,4,1000.00,*56976.00,
broadcasting
sending telemetry
SGP: OK
Collected data
51,78.80,45.36,0.00,0.00,16.83,5573068.00,0.00,0.00,1005.05,23.29,29.20,0.61,18.69,-27.25,-13.02,8.75,-15.20,6,1000.00,*5E976.00,
51,78.80,45.36,0.00,0.00,16.83,5573068.00,0.00,0.00,1005.05,23.29,29.20,0.61,18.69,-27.25,-13.02,8.75,-15.20,6,1000.00,*5E976.00,
broadcasting
sending telemetry
SGP: OK
Collected data
52,80.20,45.36,0.00,0.00,16.83,5573068.00,0.00,0.00,1005.04,23.29,29.07,0.61,18.69,-27.25,-13.02,8.75,-15.20,8,1000.00,*81976.00,
52,80.20,45.36,0.00,0.00,16.83,5573068.00,0.00,0.00,1005.04,23.29,29.07,0.61,18.69,-27.25,-13.02,8.75,-15.20,8,1000.00,*81976.00,
broadcasting
sending telemetry
SGP: OK
Collected data
53,81.60,45.36,0.00,0.00,16.83,5573068.00,0.00,0.00,1005.04,23.58,30.59,0.61,18.69,-27.25,-13.02,8.75,-15.20,10,1000.00,*E3984.00,
53,81.60,45.36,0.00,0.00,16.83,5573068.00,0.00,0.00,1005.04,23.58,30.59,0.61,18.69,-27.25,-13.02,8.75,-15.20,10,1000.00,*E3984.00,
broadcasting
sending telemetry
SGP: OK
Collected data
54,82.99,45.36,0.00,0.00,16.83,5573068.00,0.00,0.00,1005.04,23.42,30.50,0.61,18.69,-27.25,-13.02,8.75,-15.20,12,1000.00,*79984.00,
54,82.99,45.36,0.00,0.00,16.83,5573068.00,0.00,0.00,1005.04,23.42,30.50,0.61,18.69,-27.25,-13.02,8.75,-15.20,12,1000.00,*79984.00,
broadcasting
sending telemetry
SGP: OK
Collected data
55,84.39,45.36,0.00,0.00,16.83,5573068.00,0.00,0.00,1005.06,23.45,35.77,0.61,18.69,-27.25,-13.02,8.75,-15.20,13,1000.00,*9F984.00,
55,84.39,45.36,0.00,0.00,16.83,5573068.00,0.00,0.00,1005.06,23.45,35.77,0.61,18.69,-27.25,-13.02,8.75,-15.20,13,1000.00,*9F984.00,
broadcasting
sending telemetry
SGP: OK
Collected data
56,85.78,44.73,0.00,0.00,16.83,5573068.00,0.00,0.00,1005.05,23.50,40.09,0.61,18.69,-27.25,-13.02,8.75,-15.20,14,1000.00,*AC984.00,
56,85.78,44.73,0.00,0.00,16.83,5573068.00,0.00,0.00,1005.05,23.50,40.09,0.61,18.69,-27.25,-13.02,8.75,-15.20,14,1000.00,*AC984.00,
broadcasting
sending telemetry
SGP: OK
Collected data
57,87.18,45.36,0.00,0.00,16.83,5573068.00,0.00,0.00,1005.06,23.55,42.01,0.61,18.69,-27.25,-13.02,8.75,-15.20,15,1000.00,*5D984.00,
57,87.18,45.36,0.00,0.00,16.83,5573068.00,0.00,0.00,1005.06,23.55,42.01,0.61,18.69,-27.25,-13.02,8.75,-15.20,15,1000.00,*5D984.00,
broadcasting
sending telemetry
SGP: OK
Collected data
58,88.57,45.36,0.00,0.00,16.83,5573068.00,0.00,0.00,1005.07,23.56,39.01,0.61,18.69,-27.25,-13.02,8.75,-15.20,17,1000.00,*56984.00,
58,88.57,45.36,0.00,0.00,16.83,5573068.00,0.00,0.00,1005.07,23.56,39.01,0.61,18.69,-27.25,-13.02,8.75,-15.20,17,1000.00,*56984.00,
broadcasting
sending telemetry
SGP: OK
Collected data
59,89.97,45.36,0.00,0.00,16.83,5573068.00,0.00,0.00,1005.05,23.57,35.76,0.61,18.69,-27.25,-13.02,8.75,-15.20,20,1000.00,*D8984.00,
59,89.97,45.36,0.00,0.00,16.83,5573068.00,0.00,0.00,1005.05,23.57,35.76,0.61,18.69,-27.25,-13.02,8.75,-15.20,20,1000.00,*D8984.00,
broadcasting
sending telemetry
SGP: OK
Collected data
60,91.36,45.36,0.00,0.00,16.83,5573068.00,0.00,0.00,1005.03,23.57,33.94,0.61,18.69,-27.25,-13.02,8.75,-15.20,22,1000.00,*A8984.00,
60,91.36,45.36,0.00,0.00,16.83,5573068.00,0.00,0.00,1005.03,23.57,33.94,0.61,18.69,-27.25,-13.02,8.75,-15.20,22,1000.00,*A8984.00,
broadcasting
sending telemetry
SGP: OK
Collected data
61,92.76,46.00,0.00,0.00,16.83,5573068.00,0.00,0.00,1005.07,23.59,32.90,0.61,18.69,-27.25,-13.02,8.75,-15.20,25,1000.00,*CA984.00,
61,92.76,46.00,0.00,0.00,16.83,5573068.00,0.00,0.00,1005.07,23.59,32.90,0.61,18.69,-27.25,-13.02,8.75,-15.20,25,1000.00,*CA984.00,
broadcasting
sending telemetry
SGP: OK
Collected data
62,94.16,45.36,0.00,0.00,16.83,5573068.00,0.00,0.00,1005.06,23.59,32.35,0.61,18.69,-27.25,-13.02,8.75,-15.20,27,1000.00,*90984.00,
62,94.16,45.36,0.00,0.00,16.83,5573068.00,0.00,0.00,1005.06,23.59,32.35,0.61,18.69,-27.25,-13.02,8.75,-15.20,27,1000.00,*90984.00,
broadcasting
sending telemetry
SGP: OK
Collected data
63,95.55,46.00,0.00,0.00,16.83,5573068.00,0.00,0.00,1005.06,23.60,32.08,0.61,18.69,-27.25,-13.02,8.75,-15.20,28,1000.00,*AA984.00,
63,95.55,46.00,0.00,0.00,16.83,5573068.00,0.00,0.00,1005.06,23.60,32.08,0.61,18.69,-27.25,-13.02,8.75,-15.20,28,1000.00,*AA984.00,
broadcasting
sending telemetry
SGP: OK
Collected data
64,96.95,46.00,0.00,0.00,16.83,5573068.00,0.00,0.00,1005.03,23.60,31.74,0.61,18.69,-27.25,-13.02,8.75,-15.20,30,1000.00,*CD984.00,
64,96.95,46.00,0.00,0.00,16.83,5573068.00,0.00,0.00,1005.03,23.60,31.74,0.61,18.69,-27.25,-13.02,8.75,-15.20,30,1000.00,*CD984.00,
broadcasting
sending telemetry
SGP: OK
Collected data
65,98.34,46.00,0.00,0.00,16.83,5573068.00,0.00,0.00,1005.03,23.60,31.31,0.61,18.69,-27.25,-13.02,8.75,-15.20,31,1000.00,*2A984.00,
65,98.34,46.00,0.00,0.00,16.83,5573068.00,0.00,0.00,1005.03,23.60,31.31,0.61,18.69,-27.25,-13.02,8.75,-15.20,31,1000.00,*2A984.00,
broadcasting
sending telemetry
SGP: OK
Collected data
66,99.74,46.00,0.00,0.00,16.83,5573068.00,0.00,0.00,1005.03,23.60,30.97,0.61,18.69,-27.25,-13.02,8.75,-15.20,33,1000.00,*CB984.00,
66,99.74,46.00,0.00,0.00,16.83,5573068.00,0.00,0.00,1005.03,23.60,30.97,0.61,18.69,-27.25,-13.02,8.75,-15.20,33,1000.00,*CB984.00,
broadcasting
sending telemetry
SGP: OK
Collected data
67,101.14,46.00,0.00,0.00,16.83,5573068.00,0.00,0.00,1005.06,23.60,30.65,0.61,18.69,-27.25,-13.02,8.75,-15.20,34,1000.00,*E0992.00,
67,101.14,46.00,0.00,0.00,16.83,5573068.00,0.00,0.00,1005.06,23.60,30.65,0.61,18.69,-27.25,-13.02,8.75,-15.20,34,1000.00,*E0992.00,
broadcasting
sending telemetry
SGP: OK
Collected data
68,102.53,46.00,0.00,0.00,16.83,5573068.00,0.00,0.00,1005.02,23.59,30.37,0.61,18.69,-27.25,-13.02,8.75,-15.20,35,1000.00,*63992.00,
68,102.53,46.00,0.00,0.00,16.83,5573068.00,0.00,0.00,1005.02,23.59,30.37,0.61,18.69,-27.25,-13.02,8.75,-15.20,35,1000.00,*63992.00,
broadcasting
sending telemetry
SGP: OK
Collected data
69,103.93,46.00,0.00,0.00,16.83,5573068.00,0.00,0.00,1005.03,23.60,30.15,0.61,18.69,-27.25,-13.02,8.75,-15.20,36,1000.00,*8F992.00,
69,103.93,46.00,0.00,0.00,16.83,5573068.00,0.00,0.00,1005.03,23.60,30.15,0.61,18.69,-27.25,-13.02,8.75,-15.20,36,1000.00,*8F992.00,
broadcasting
sending telemetry
SGP: OK
Collected data
70,105.32,46.00,0.00,0.00,16.83,5573068.00,0.00,0.00,1005.05,23.61,30.08,0.61,18.69,-27.25,-13.02,8.75,-15.20,37,1000.00,*91992.00,
70,105.32,46.00,0.00,0.00,16.83,5573068.00,0.00,0.00,1005.05,23.61,30.08,0.61,18.69,-27.25,-13.02,8.75,-15.20,37,1000.00,*91992.00,
broadcasting
sending telemetry
SGP: OK
Collected data
71,106.72,46.00,0.00,0.00,16.83,5573068.00,0.00,0.00,1005.04,23.61,30.00,0.61,18.69,-27.25,-13.02,8.75,-15.20,37,1000.00,*6D992.00,
71,106.72,46.00,0.00,0.00,16.83,5573068.00,0.00,0.00,1005.04,23.61,30.00,0.61,18.69,-27.25,-13.02,8.75,-15.20,37,1000.00,*6D992.00,
broadcasting
sending telemetry
SGP: OK
Collected data
72,108.11,46.00,0.00,0.00,16.83,5573068.00,0.00,0.00,1005.03,23.61,29.91,0.61,18.69,-27.25,-13.02,8.75,-15.20,38,1000.00,*1F992.00,
72,108.11,46.00,0.00,0.00,16.83,5573068.00,0.00,0.00,1005.03,23.61,29.91,0.61,18.69,-27.25,-13.02,8.75,-15.20,38,1000.00,*1F992.00,
broadcasting
sending telemetry
SGP: OK
Collected data
73,109.51,46.00,0.00,0.00,16.83,5573068.00,0.00,0.00,1005.06,23.61,30.01,0.61,18.69,-27.25,-13.02,8.75,-15.20,38,1000.00,*A3992.00,
73,109.51,46.00,0.00,0.00,16.83,5573068.00,0.00,0.00,1005.06,23.61,30.01,0.61,18.69,-27.25,-13.02,8.75,-15.20,38,1000.00,*A3992.00,
broadcasting
sending telemetry
SGP: OK
Collected data
74,110.91,46.00,0.00,0.00,16.83,5573068.00,0.00,0.00,1005.03,23.62,30.66,0.61,18.69,-27.25,-13.02,8.75,-15.20,38,1000.00,*FA992.00,
74,110.91,46.00,0.00,0.00,16.83,5573068.00,0.00,0.00,1005.03,23.62,30.66,0.61,18.69,-27.25,-13.02,8.75,-15.20,38,1000.00,*FA992.00,
broadcasting
sending telemetry
SGP: OK
Collected data
75,112.30,46.00,0.00,0.00,16.83,5573068.00,0.00,0.00,1005.04,23.62,30.52,0.61,18.69,-27.25,-13.02,8.75,-15.20,38,1000.00,*28992.00,
75,112.30,46.00,0.00,0.00,16.83,5573068.00,0.00,0.00,1005.04,23.62,30.52,0.61,18.69,-27.25,-13.02,8.75,-15.20,38,1000.00,*28992.00,
broadcasting
sending telemetry
SGP: OK
Collected data
76,113.70,46.00,0.00,0.00,16.83,5573068.00,0.00,0.00,1005.05,23.62,30.43,0.61,18.69,-27.25,-13.02,8.75,-15.20,38,1000.00,*9A992.00,
76,113.70,46.00,0.00,0.00,16.83,5573068.00,0.00,0.00,1005.05,23.62,30.43,0.61,18.69,-27.25,-13.02,8.75,-15.20,38,1000.00,*9A992.00,
broadcasting
sending telemetry
SGP: OK
Collected data
77,115.10,46.00,0.00,0.00,16.83,5573068.00,0.00,0.00,1005.03,23.63,30.57,0.61,18.69,-27.25,-13.02,8.75,-15.20,38,1000.00,*79992.00,
77,115.10,46.00,0.00,0.00,16.83,5573068.00,0.00,0.00,1005.03,23.63,30.57,0.61,18.69,-27.25,-13.02,8.75,-15.20,38,1000.00,*79992.00,
broadcasting
sending telemetry
SGP: OK
Collected data
78,116.49,46.64,0.00,0.00,16.83,5573068.00,0.00,0.00,1005.05,23.63,30.38,0.61,18.69,-27.25,-13.02,8.75,-15.20,39,1000.00,*E7992.00,
78,116.49,46.64,0.00,0.00,16.83,5573068.00,0.00,0.00,1005.05,23.63,30.38,0.61,18.69,-27.25,-13.02,8.75,-15.20,39,1000.00,*E7992.00,
broadcasting
sending telemetry
SGP: OK
Collected data
79,117.89,46.64,0.00,0.00,16.83,5573068.00,0.00,0.00,1005.05,23.63,30.22,0.61,18.69,-27.25,-13.02,8.75,-15.20,39,1000.00,*F1992.00,
79,117.89,46.64,0.00,0.00,16.83,5573068.00,0.00,0.00,1005.05,23.63,30.22,0.61,18.69,-27.25,-13.02,8.75,-15.20,39,1000.00,*F1992.00,
broadcasting
sending telemetry
SGP: OK
Collected data
80,119.28,46.64,0.00,0.00,16.83,5573068.00,0.00,0.00,1005.06,23.63,30.04,0.61,18.69,-27.25,-13.02,8.75,-15.20,39,1000.00,*37992.00,
80,119.28,46.64,0.00,0.00,16.83,5573068.00,0.00,0.00,1005.06,23.63,30.04,0.61,18.69,-27.25,-13.02,8.75,-15.20,39,1000.00,*37992.00,
broadcasting
sending telemetry
SGP: OK
Collected data
81,120.68,46.64,0.00,0.00,16.83,5573068.00,0.00,0.00,1005.07,23.63,29.73,0.61,18.69,-27.25,-13.02,8.75,-15.20,40,1000.00,*CD992.00,
81,120.68,46.64,0.00,0.00,16.83,5573068.00,0.00,0.00,1005.07,23.63,29.73,0.61,18.69,-27.25,-13.02,8.75,-15.20,40,1000.00,*CD992.00,
broadcasting
sending telemetry
SGP: OK
Collected data
82,122.07,46.00,0.00,0.00,16.83,5573068.00,0.00,0.00,1005.03,23.64,29.69,0.61,18.69,-27.25,-13.02,8.75,-15.20,40,1000.00,*43992.00,
82,122.07,46.00,0.00,0.00,16.83,5573068.00,0.00,0.00,1005.03,23.64,29.69,0.61,18.69,-27.25,-13.02,8.75,-15.20,40,1000.00,*43992.00,
broadcasting
sending telemetry
SGP: OK
Collected data
83,123.47,46.64,0.00,0.00,16.83,5573068.00,0.00,0.00,1005.05,23.65,29.64,0.61,18.69,-27.25,-13.02,8.75,-15.20,41,1000.00,*38992.00,
83,123.47,46.64,0.00,0.00,16.83,5573068.00,0.00,0.00,1005.05,23.65,29.64,0.61,18.69,-27.25,-13.02,8.75,-15.20,41,1000.00,*38992.00,
broadcasting
sending telemetry
SGP: OK
Collected data
84,124.87,46.64,0.00,0.00,16.83,5573068.00,0.00,0.00,1005.02,23.65,29.42,0.61,18.69,-27.25,-13.02,8.75,-15.20,41,1000.00,*4D992.00,
84,124.87,46.64,0.00,0.00,16.83,5573068.00,0.00,0.00,1005.02,23.65,29.42,0.61,18.69,-27.25,-13.02,8.75,-15.20,41,1000.00,*4D992.00,
broadcasting
sending telemetry
SGP: OK
Collected data
85,126.26,46.64,0.00,0.00,16.83,5573068.00,0.00,0.00,1005.02,23.67,29.36,0.61,18.69,-27.25,-13.02,8.75,-15.20,41,1000.00,*8E992.00,
85,126.26,46.64,0.00,0.00,16.83,5573068.00,0.00,0.00,1005.02,23.67,29.36,0.61,18.69,-27.25,-13.02,8.75,-15.20,41,1000.00,*8E992.00,
broadcasting
sending telemetry
SGP: OK
Collected data
86,127.66,46.64,0.00,0.00,16.83,5573068.00,0.00,0.00,1005.04,23.66,29.32,0.61,18.69,-27.25,-13.02,8.75,-15.20,42,1000.00,*4D992.00,
86,127.66,46.64,0.00,0.00,16.83,5573068.00,0.00,0.00,1005.04,23.66,29.32,0.61,18.69,-27.25,-13.02,8.75,-15.20,42,1000.00,*4D992.00,
broadcasting
sending telemetry
SGP: OK
Collected data
87,129.05,46.64,0.00,0.00,16.83,5573068.00,0.00,0.00,1005.06,23.68,29.29,0.61,18.69,-27.25,-13.02,8.75,-15.20,42,1000.00,*7A992.00,
87,129.05,46.64,0.00,0.00,16.83,5573068.00,0.00,0.00,1005.06,23.68,29.29,0.61,18.69,-27.25,-13.02,8.75,-15.20,42,1000.00,*7A992.00,
broadcasting
sending telemetry
SGP: OK
Collected data
88,130.45,47.27,0.00,0.00,16.83,5573068.00,0.00,0.00,1005.05,23.68,29.13,0.61,18.69,-27.25,-13.02,8.75,-15.20,42,1000.00,*97992.00,
88,130.45,47.27,0.00,0.00,16.83,5573068.00,0.00,0.00,1005.05,23.68,29.13,0.61,18.69,-27.25,-13.02,8.75,-15.20,42,1000.00,*97992.00,
