KACAT Mission Control
Waiting for RADIO handshakeTelemetry: OK
$Telemetry: OK
Frequency: radio get freq
868100000

Bandwidth: radio get bw
125

Sync word: radio get sync
34

Spreading factor: radio get sf
sf7

Chirp rate: radio get cr
4/5

Radio info:
GPS initializing......................................
GPS info:
	Current latitude: 47.44
	Current longitude: 19.18
	Current GPS altitude: 0.00
GPS: OK
Starting flight
broadcasting
sending telemetry
SGP: OK
Collected data
0,27.46,37.09,47.44,19.18,195.93,22016.26,0.00,0.00,1005.60,19.28,33.34,0.61,18.69,41.41,-4.30,8.75,-15.20,0,1000.00,*B8960.00,
0,27.46,37.09,47.44,19.18,195.93,22016.26,0.00,0.00,1005.60,19.28,33.34,0.61,18.69,41.41,-4.30,8.75,-15.20,0,1000.00,*B8960.00,
broadcasting
sending telemetry
SGP: OK
Collected data
1,28.86,37.09,47.44,19.18,195.93,22016.32,0.00,0.00,1005.58,19.26,33.37,0.61,18.69,41.41,-34.81,8.75,-15.20,0,1000.00,*35968.00,
1,28.86,37.09,47.44,19.18,195.93,22016.32,0.00,0.00,1005.58,19.26,33.37,0.61,18.69,41.41,-34.81,8.75,-15.20,0,1000.00,*35968.00,
broadcasting
sending telemetry
SGP: OK
Collected data
2,30.25,37.09,47.44,19.18,195.93,22016.83,0.00,0.00,1005.61,19.32,34.27,0.61,18.69,41.41,-34.81,8.75,-15.20,0,1000.00,*4F968.00,
2,30.25,37.09,47.44,19.18,195.93,22016.83,0.00,0.00,1005.61,19.32,34.27,0.61,18.69,41.41,-34.81,8.75,-15.20,0,1000.00,*4F968.00,
broadcasting
sending telemetry
SGP: OK
Collected data
3,31.65,37.09,47.44,19.18,195.93,22019.12,143.95,0.00,1005.60,19.05,32.79,0.61,18.69,41.41,-34.81,8.75,-15.20,0,1000.00,*F6984.00,
3,31.65,37.09,47.44,19.18,195.93,22019.12,143.95,0.00,1005.60,19.05,32.79,0.61,18.69,41.41,-34.81,8.75,-15.20,0,1000.00,*F6984.00,
broadcasting
sending telemetry
SGP: OK
Collected data
4,33.04,37.09,47.44,19.18,195.93,22019.12,143.95,0.00,1005.61,18.79,31.71,0.61,18.69,41.41,-34.81,8.75,-15.20,0,1000.00,*9A984.00,
4,33.04,37.09,47.44,19.18,195.93,22019.12,143.95,0.00,1005.61,18.79,31.71,0.61,18.69,41.41,-34.81,8.75,-15.20,0,1000.00,*9A984.00,
broadcasting
sending telemetry
SGP: OK
Collected data
5,34.44,37.09,47.44,19.18,195.93,22019.12,143.95,0.00,1005.59,18.65,31.65,0.61,18.69,41.41,-34.81,8.75,-15.20,0,1000.00,*14984.00,
5,34.44,37.09,47.44,19.18,195.93,22019.12,143.95,0.00,1005.59,18.65,31.65,0.61,18.69,41.41,-34.81,8.75,-15.20,0,1000.00,*14984.00,
broadcasting
sending telemetry
SGP: OK
Collected data
6,35.83,37.09,47.44,19.18,195.93,22019.12,143.95,0.00,1005.60,18.50,31.70,0.61,18.69,41.41,-34.81,8.75,-15.20,0,1000.00,*58984.00,
6,35.83,37.09,47.44,19.18,195.93,22019.12,143.95,0.00,1005.60,18.50,31.70,0.61,18.69,41.41,-34.81,8.75,-15.20,0,1000.00,*58984.00,
broadcasting
sending telemetry
SGP: OK
Collected data
7,37.23,36.45,47.44,19.18,195.93,22019.12,143.95,0.00,1005.61,18.33,31.54,0.61,18.69,41.41,-34.81,8.75,-15.20,0,1000.00,*95984.00,
7,37.23,36.45,47.44,19.18,195.93,22019.12,143.95,0.00,1005.61,18.33,31.54,0.61,18.69,41.41,-34.81,8.75,-15.20,0,1000.00,*95984.00,
broadcasting
sending telemetry
SGP: OK
Collected data
8,38.63,36.45,47.44,19.18,195.93,22019.12,143.95,0.00,1005.59,18.29,31.73,0.61,18.69,41.41,-34.81,8.75,-15.20,0,1000.00,*E7984.00,
8,38.63,36.45,47.44,19.18,195.93,22019.12,143.95,0.00,1005.59,18.29,31.73,0.61,18.69,41.41,-34.81,8.75,-15.20,0,1000.00,*E7984.00,
broadcasting
sending telemetry
SGP: OK
Collected data
9,40.02,36.45,47.44,19.18,195.93,22019.12,143.95,0.00,1005.60,18.14,31.66,0.61,18.69,41.41,-34.81,8.75,-15.20,0,1000.00,*34984.00,
9,40.02,36.45,47.44,19.18,195.93,22019.12,143.95,0.00,1005.60,18.14,31.66,0.61,18.69,41.41,-34.81,8.75,-15.20,0,1000.00,*34984.00,
broadcasting
sending telemetry
SGP: OK
Collected data
10,41.42,37.09,47.44,19.18,195.93,22019.12,143.95,0.00,1005.60,18.31,32.54,0.61,18.69,41.41,-34.81,8.75,-15.20,0,1000.00,*F9992.00,
10,41.42,37.09,47.44,19.18,195.93,22019.12,143.95,0.00,1005.60,18.31,32.54,0.61,18.69,41.41,-34.81,8.75,-15.20,0,1000.00,*F9992.00,
broadcasting
sending telemetry
SGP: OK
Collected data
11,42.81,37.09,47.44,19.18,195.93,22019.12,143.95,0.00,1005.61,18.36,33.37,0.61,18.69,41.41,-34.81,8.75,-15.20,0,1000.00,*B7992.00,
11,42.81,37.09,47.44,19.18,195.93,22019.12,143.95,0.00,1005.61,18.36,33.37,0.61,18.69,41.41,-34.81,8.75,-15.20,0,1000.00,*B7992.00,
broadcasting
sending telemetry
SGP: OK
Collected data
12,44.21,37.09,47.44,19.18,195.93,22019.12,143.95,0.00,1005.60,18.41,33.69,0.61,18.69,41.41,-34.81,8.75,-15.20,0,1000.00,*38992.00,
12,44.21,37.09,47.44,19.18,195.93,22019.12,143.95,0.00,1005.60,18.41,33.69,0.61,18.69,41.41,-34.81,8.75,-15.20,0,1000.00,*38992.00,
broadcasting
sending telemetry
SGP: OK
Collected data
13,45.61,37.73,47.44,19.18,195.93,22019.12,143.95,0.00,1005.61,18.35,33.40,0.61,18.69,41.41,-34.81,8.75,-15.20,0,1000.00,*D8992.00,
13,45.61,37.73,47.44,19.18,195.93,22019.12,143.95,0.00,1005.61,18.35,33.40,0.61,18.69,41.41,-34.81,8.75,-15.20,0,1000.00,*D8992.00,
broadcasting
sending telemetry
SGP: OK
Collected data
14,47.00,37.09,47.44,19.18,195.93,22019.12,143.95,0.00,1005.58,18.18,32.56,0.61,18.69,41.41,-34.81,8.75,-15.20,0,1000.00,*FE992.00,
14,47.00,37.09,47.44,19.18,195.93,22019.12,143.95,0.00,1005.58,18.18,32.56,0.61,18.69,41.41,-34.81,8.75,-15.20,0,1000.00,*FE992.00,
broadcasting
sending telemetry
SGP: OK
Collected data
15,48.40,37.09,47.44,19.18,195.93,22019.12,143.95,0.00,1005.59,18.10,32.59,0.61,18.69,41.41,-34.81,8.75,-15.20,0,1000.00,*71992.00,
15,48.40,37.09,47.44,19.18,195.93,22019.12,143.95,0.00,1005.59,18.10,32.59,0.61,18.69,41.41,-34.81,8.75,-15.20,0,1000.00,*71992.00,
broadcasting
sending telemetry
SGP: OK
Collected data
16,49.79,37.09,47.44,19.18,195.94,22017.74,143.95,0.00,1005.58,18.11,32.77,0.61,18.69,41.41,-34.81,8.75,-15.20,0,1000.00,*C1992.00,
16,49.79,37.09,47.44,19.18,195.94,22017.74,143.95,0.00,1005.58,18.11,32.77,0.61,18.69,41.41,-34.81,8.75,-15.20,0,1000.00,*C1992.00,
broadcasting
sending telemetry
SGP: OK
Collected data
17,51.19,37.09,47.44,19.18,195.94,22017.00,143.95,0.00,1005.59,18.13,33.04,0.61,18.69,41.41,-34.81,8.75,-15.20,0,1000.00,*B0992.00,
17,51.19,37.09,47.44,19.18,195.94,22017.00,143.95,0.00,1005.59,18.13,33.04,0.61,18.69,41.41,-34.81,8.75,-15.20,0,1000.00,*B0992.00,
broadcasting
sending telemetry
SGP: OK
Collected data
18,52.59,37.09,47.44,19.18,195.94,22017.19,143.95,0.00,1005.62,18.05,32.68,0.61,18.69,41.41,-34.81,8.75,-15.20,0,1000.00,*97992.00,
18,52.59,37.09,47.44,19.18,195.94,22017.19,143.95,0.00,1005.62,18.05,32.68,0.61,18.69,41.41,-34.81,8.75,-15.20,0,1000.00,*97992.00,
broadcasting
sending telemetry
SGP: OK
Collected data
19,53.98,37.09,47.44,19.18,195.94,22017.19,143.95,0.00,1005.58,18.06,32.67,0.61,18.69,41.41,-34.81,8.75,-15.20,0,1000.00,*D8992.00,
19,53.98,37.09,47.44,19.18,195.94,22017.19,143.95,0.00,1005.58,18.06,32.67,0.61,18.69,41.41,-34.81,8.75,-15.20,0,1000.00,*D8992.00,
broadcasting
sending telemetry
SGP: OK
Collected data
20,55.38,37.09,47.44,19.18,195.94,22017.19,143.95,0.00,1005.50,18.12,33.18,0.61,18.69,41.41,-34.81,8.75,-15.20,0,1000.00,*C5992.00,
20,55.38,37.09,47.44,19.18,195.94,22017.19,143.95,0.00,1005.50,18.12,33.18,0.61,18.69,41.41,-34.81,8.75,-15.20,0,1000.00,*C5992.00,
broadcasting
sending telemetry
SGP: OK
Collected data
21,56.77,37.09,47.44,19.18,195.94,22017.19,143.95,0.00,1005.52,18.17,32.89,0.61,18.69,41.41,-34.81,8.75,-15.20,0,1000.00,*DC992.00,
21,56.77,37.09,47.44,19.18,195.94,22017.19,143.95,0.00,1005.52,18.17,32.89,0.61,18.69,41.41,-34.81,8.75,-15.20,0,1000.00,*DC992.00,
broadcasting
sending telemetry
SGP: OK
Collected data
22,58.17,36.45,47.44,19.18,195.94,22017.19,143.95,0.00,1005.51,18.19,33.73,0.61,18.69,41.41,-34.81,8.75,-15.20,0,1000.00,*6D992.00,
22,58.17,36.45,47.44,19.18,195.94,22017.19,143.95,0.00,1005.51,18.19,33.73,0.61,18.69,41.41,-34.81,8.75,-15.20,0,1000.00,*6D992.00,
broadcasting
sending telemetry
SGP: OK
Collected data
23,59.56,37.09,47.44,19.18,195.94,22017.19,143.95,0.00,1005.55,18.35,35.46,0.61,18.69,41.41,-34.81,8.75,-15.20,0,1000.00,*67992.00,
23,59.56,37.09,47.44,19.18,195.94,22017.19,143.95,0.00,1005.55,18.35,35.46,0.61,18.69,41.41,-34.81,8.75,-15.20,0,1000.00,*67992.00,
broadcasting
sending telemetry
SGP: OK
Collected data
24,60.96,37.73,47.44,19.18,195.94,22017.19,143.95,0.00,1005.51,18.40,35.53,0.61,18.69,41.41,-34.81,8.75,-15.20,0,1000.00,*DE992.00,
24,60.96,37.73,47.44,19.18,195.94,22017.19,143.95,0.00,1005.51,18.40,35.53,0.61,18.69,41.41,-34.81,8.75,-15.20,0,1000.00,*DE992.00,
broadcasting
sending telemetry
SGP: OK
Collected data
25,62.36,37.09,47.44,19.18,195.94,22017.19,143.95,0.00,1005.52,18.49,36.33,0.61,18.69,41.41,-34.81,8.75,-15.20,0,1000.00,*46992.00,
25,62.36,37.09,47.44,19.18,195.94,22017.19,143.95,0.00,1005.52,18.49,36.33,0.61,18.69,41.41,-34.81,8.75,-15.20,0,1000.00,*46992.00,
broadcasting
sending telemetry
SGP: OK
Collected data
26,63.75,37.09,47.44,19.18,195.94,22017.19,143.95,0.00,1005.53,18.57,36.64,0.61,18.69,41.41,-34.81,8.75,-15.20,0,1000.00,*5A992.00,
26,63.75,37.09,47.44,19.18,195.94,22017.19,143.95,0.00,1005.53,18.57,36.64,0.61,18.69,41.41,-34.81,8.75,-15.20,0,1000.00,*5A992.00,
broadcasting
sending telemetry
SGP: OK
Collected data
27,65.15,37.09,47.44,19.18,195.94,22017.19,143.95,0.00,1005.54,18.66,37.06,0.61,18.69,41.41,-34.81,8.75,-15.20,0,1000.00,*90992.00,
27,65.15,37.09,47.44,19.18,195.94,22017.19,143.95,0.00,1005.54,18.66,37.06,0.61,18.69,41.41,-34.81,8.75,-15.20,0,1000.00,*90992.00,
broadcasting
sending telemetry
SGP: OK
Collected data
28,66.54,37.09,47.44,19.18,195.94,22017.19,143.95,0.00,1005.49,18.73,37.55,0.61,18.69,41.41,-34.81,8.75,-15.20,0,1000.00,*75992.00,
28,66.54,37.09,47.44,19.18,195.94,22017.19,143.95,0.00,1005.49,18.73,37.55,0.61,18.69,41.41,-34.81,8.75,-15.20,0,1000.00,*75992.00,
broadcasting
sending telemetry
SGP: OK
Collected data
29,67.94,37.09,47.44,19.18,195.94,22017.19,143.95,0.00,1005.48,18.79,37.65,0.61,18.69,41.41,-34.81,8.75,-15.20,0,1000.00,*66992.00,
29,67.94,37.09,47.44,19.18,195.94,22017.19,143.95,0.00,1005.48,18.79,37.65,0.61,18.69,41.41,-34.81,8.75,-15.20,0,1000.00,*66992.00,
broadcasting
sending telemetry
SGP: OK
Collected data
30,69.34,37.09,47.44,19.18,195.94,22017.19,143.95,0.00,1005.52,18.81,36.82,0.61,18.69,41.41,-34.81,8.75,-15.20,0,1000.00,*28992.00,
30,69.34,37.09,47.44,19.18,195.94,22017.19,143.95,0.00,1005.52,18.81,36.82,0.61,18.69,41.41,-34.81,8.75,-15.20,0,1000.00,*28992.00,
broadcasting
sending telemetry
SGP: OK
Collected data
31,70.73,37.09,47.44,19.18,195.93,22004.67,211.14,0.00,1005.49,18.82,36.03,0.61,18.69,41.41,-34.81,8.75,-15.20,0,1000.00,*AC992.00,
31,70.73,37.09,47.44,19.18,195.93,22004.67,211.14,0.00,1005.49,18.82,36.03,0.61,18.69,41.41,-34.81,8.75,-15.20,0,1000.00,*AC992.00,
broadcasting
sending telemetry
SGP: OK
Collected data
32,72.13,37.09,47.44,19.18,195.93,22004.47,211.14,0.00,1005.53,18.84,35.87,0.61,18.69,41.41,-34.81,8.75,-15.20,0,1000.00,*CC992.00,
32,72.13,37.09,47.44,19.18,195.93,22004.47,211.14,0.00,1005.53,18.84,35.87,0.61,18.69,41.41,-34.81,8.75,-15.20,0,1000.00,*CC992.00,
broadcasting
sending telemetry
SGP: OK
Collected data
33,73.53,36.45,47.44,19.18,195.92,22003.44,247.57,0.00,1005.52,18.87,35.82,0.61,18.69,41.41,-34.81,8.75,-15.20,0,1000.00,*61992.00,
33,73.53,36.45,47.44,19.18,195.92,22003.44,247.57,0.00,1005.52,18.87,35.82,0.61,18.69,41.41,-34.81,8.75,-15.20,0,1000.00,*61992.00,
broadcasting
sending telemetry
SGP: OK
Collected data
34,74.92,37.09,47.44,19.18,195.92,22003.44,247.57,0.00,1005.51,18.90,36.02,0.61,18.69,41.41,-34.81,8.75,-15.20,0,1000.00,*9A992.00,
34,74.92,37.09,47.44,19.18,195.92,22003.44,247.57,0.00,1005.51,18.90,36.02,0.61,18.69,41.41,-34.81,8.75,-15.20,0,1000.00,*9A992.00,
broadcasting
sending telemetry
SGP: OK
Collected data
35,76.32,37.09,47.44,19.18,195.92,22003.44,247.57,0.00,1005.52,18.93,36.08,0.61,18.69,41.41,-34.81,8.75,-15.20,0,1000.00,*B5992.00,
35,76.32,37.09,47.44,19.18,195.92,22003.44,247.57,0.00,1005.52,18.93,36.08,0.61,18.69,41.41,-34.81,8.75,-15.20,0,1000.00,*B5992.00,
broadcasting
sending telemetry
SGP: OK
Collected data
36,77.71,36.45,47.44,19.18,195.92,22003.44,247.57,0.00,1005.50,19.01,37.26,0.61,18.69,41.41,-34.81,8.75,-15.20,0,1000.00,*30992.00,
36,77.71,36.45,47.44,19.18,195.92,22003.44,247.57,0.00,1005.50,19.01,37.26,0.61,18.69,41.41,-34.81,8.75,-15.20,0,1000.00,*30992.00,
broadcasting
sending telemetry
SGP: OK
Collected data
37,79.11,37.09,47.44,19.18,195.92,22003.44,247.57,0.00,1005.50,19.05,37.85,0.61,18.69,41.41,-34.81,8.75,-15.20,0,1000.00,*EC992.00,
37,79.11,37.09,47.44,19.18,195.92,22003.44,247.57,0.00,1005.50,19.05,37.85,0.61,18.69,41.41,-34.81,8.75,-15.20,0,1000.00,*EC992.00,
broadcasting
sending telemetry
SGP: OK
Collected data
38,80.50,37.09,47.44,19.18,195.92,22003.44,247.57,0.00,1005.51,19.08,38.15,0.61,18.69,41.41,-34.81,8.75,-15.20,0,1000.00,*4A992.00,
38,80.50,37.09,47.44,19.18,195.92,22003.44,247.57,0.00,1005.51,19.08,38.15,0.61,18.69,41.41,-34.81,8.75,-15.20,0,1000.00,*4A992.00,
broadcasting
sending telemetry
SGP: OK
Collected data
39,81.90,37.09,47.44,19.18,195.92,22003.44,247.57,0.00,1005.52,19.10,37.93,0.61,18.69,41.41,-34.81,8.75,-15.20,0,1000.00,*AC992.00,
39,81.90,37.09,47.44,19.18,195.92,22003.44,247.57,0.00,1005.52,19.10,37.93,0.61,18.69,41.41,-34.81,8.75,-15.20,0,1000.00,*AC992.00,
broadcasting
sending telemetry
SGP: OK
Collected data
40,83.30,37.09,47.44,19.18,195.92,22003.44,247.57,0.00,1005.52,19.13,37.97,0.61,18.69,41.41,-34.81,8.75,-15.20,0,1000.00,*48992.00,
40,83.30,37.09,47.44,19.18,195.92,22003.44,247.57,0.00,1005.52,19.13,37.97,0.61,18.69,41.41,-34.81,8.75,-15.20,0,1000.00,*48992.00,
broadcasting
sending telemetry
SGP: OK
Collected data
41,84.69,37.09,47.44,19.18,195.92,22003.44,247.57,0.00,1005.52,19.14,37.47,0.61,18.69,41.41,-34.81,8.75,-15.20,0,1000.00,*BD992.00,
41,84.69,37.09,47.44,19.18,195.92,22003.44,247.57,0.00,1005.52,19.14,37.47,0.61,18.69,41.41,-34.81,8.75,-15.20,0,1000.00,*BD992.00,
broadcasting
sending telemetry
SGP: OK
Collected data
42,86.09,37.09,47.44,19.18,195.92,22003.44,247.57,0.00,1005.53,19.14,37.30,0.61,18.69,41.41,-34.81,8.75,-15.20,0,1000.00,*62992.00,
42,86.09,37.09,47.44,19.18,195.92,22003.44,247.57,0.00,1005.53,19.14,37.30,0.61,18.69,41.41,-34.81,8.75,-15.20,0,1000.00,*62992.00,
broadcasting
sending telemetry
SGP: OK
Collected data
43,87.49,37.09,47.44,19.18,195.92,22003.44,247.57,0.00,1005.55,19.18,37.98,0.61,18.69,41.41,-34.81,8.75,-15.20,0,1000.00,*7B992.00,
43,87.49,37.09,47.44,19.18,195.92,22003.44,247.57,0.00,1005.55,19.18,37.98,0.61,18.69,41.41,-34.81,8.75,-15.20,0,1000.00,*7B992.00,
broadcasting
sending telemetry
SGP: OK
Collected data
44,88.88,37.09,47.44,19.18,195.92,22003.44,247.57,0.00,1005.55,19.16,37.31,0.61,18.69,41.41,-34.81,8.75,-15.20,0,1000.00,*72992.00,
44,88.88,37.09,47.44,19.18,195.92,22003.44,247.57,0.00,1005.55,19.16,37.31,0.61,18.69,41.41,-34.81,8.75,-15.20,0,1000.00,*72992.00,
broadcasting
sending telemetry
SGP: OK
Collected data
45,90.28,36.45,47.44,19.18,195.92,22003.44,247.57,0.00,1005.55,19.13,36.17,0.61,18.69,41.41,-34.81,8.75,-15.20,0,1000.00,*CF992.00,
45,90.28,36.45,47.44,19.18,195.92,22003.44,247.57,0.00,1005.55,19.13,36.17,0.61,18.69,41.41,-34.81,8.75,-15.20,0,1000.00,*CF992.00,
broadcasting
sending telemetry
SGP: OK
Collected data
46,91.67,37.09,47.44,19.18,195.89,22003.44,349.14,0.00,1005.54,19.12,35.18,0.61,18.69,41.41,-34.81,8.75,-15.20,1,1000.00,*F7992.00,
46,91.67,37.09,47.44,19.18,195.89,22003.44,349.14,0.00,1005.54,19.12,35.18,0.61,18.69,41.41,-34.81,8.75,-15.20,1,1000.00,*F7992.00,
broadcasting
sending telemetry
SGP: OK
Collected data
47,93.07,37.09,47.44,19.18,195.90,22004.14,349.14,0.00,1005.57,19.14,34.65,0.61,18.69,41.41,-34.81,8.75,-15.20,1,1000.00,*1F992.00,
47,93.07,37.09,47.44,19.18,195.90,22004.14,349.14,0.00,1005.57,19.14,34.65,0.61,18.69,41.41,-34.81,8.75,-15.20,1,1000.00,*1F992.00,
broadcasting
sending telemetry
SGP: OK
Collected data
48,94.46,37.09,47.44,19.18,195.90,22005.74,349.14,0.00,1005.55,19.26,34.19,0.61,18.69,41.41,-34.81,8.75,-15.20,2,1000.00,*F1992.00,
48,94.46,37.09,47.44,19.18,195.90,22005.74,349.14,0.00,1005.55,19.26,34.19,0.61,18.69,41.41,-34.81,8.75,-15.20,2,1000.00,*F1992.00,
broadcasting
sending telemetry
SGP: OK
Collected data
49,95.86,37.73,47.44,19.18,195.90,22006.55,349.14,0.00,1005.50,19.43,35.01,0.61,18.69,41.41,-34.81,8.75,-15.20,4,1000.00,*A7992.00,
49,95.86,37.73,47.44,19.18,195.90,22006.55,349.14,0.00,1005.50,19.43,35.01,0.61,18.69,41.41,-34.81,8.75,-15.20,4,1000.00,*A7992.00,
broadcasting
sending telemetry
SGP: OK
Collected data
50,97.26,37.73,47.44,19.18,195.90,22006.55,349.14,0.00,1005.57,19.54,35.41,0.61,18.69,41.41,-34.81,8.75,-15.20,7,1000.00,*78992.00,
50,97.26,37.73,47.44,19.18,195.90,22006.55,349.14,0.00,1005.57,19.54,35.41,0.61,18.69,41.41,-34.81,8.75,-15.20,7,1000.00,*78992.00,
broadcasting
sending telemetry
SGP: OK
Collected data
51,98.65,37.73,47.44,19.18,195.90,22006.55,349.14,0.00,1005.57,19.70,35.88,0.61,18.69,41.41,-34.81,8.75,-15.20,10,1000.00,*6A1000.00,
51,98.65,37.73,47.44,19.18,195.90,22006.55,349.14,0.00,1005.57,19.70,35.88,0.61,18.69,41.41,-34.81,8.75,-15.20,10,1000.00,*6A1000.00,
broadcasting
sending telemetry
SGP: OK
Collected data
52,100.05,37.73,47.44,19.18,195.90,22006.55,349.14,0.00,1005.53,19.77,36.06,0.61,18.69,41.41,-34.81,8.75,-15.20,15,1000.00,*161008.00,
52,100.05,37.73,47.44,19.18,195.90,22006.55,349.14,0.00,1005.53,19.77,36.06,0.61,18.69,41.41,-34.81,8.75,-15.20,15,1000.00,*161008.00,
broadcasting
sending telemetry
SGP: OK
Collected data
53,101.44,37.09,47.44,19.18,195.90,22006.55,349.14,0.00,1005.52,19.73,35.26,0.61,18.69,41.41,-34.81,8.75,-15.20,20,1000.00,*691008.00,
53,101.44,37.09,47.44,19.18,195.90,22006.55,349.14,0.00,1005.52,19.73,35.26,0.61,18.69,41.41,-34.81,8.75,-15.20,20,1000.00,*691008.00,
broadcasting
sending telemetry
SGP: OK
Collected data
54,102.84,37.73,47.44,19.18,195.90,22006.55,349.14,0.00,1005.52,19.57,34.64,0.61,18.69,41.41,-34.81,8.75,-15.20,26,1000.00,*781008.00,
54,102.84,37.73,47.44,19.18,195.90,22006.55,349.14,0.00,1005.52,19.57,34.64,0.61,18.69,41.41,-34.81,8.75,-15.20,26,1000.00,*781008.00,
broadcasting
sending telemetry
SGP: OK
Collected data
55,104.24,37.73,47.44,19.18,195.90,22006.55,349.14,0.00,1005.56,19.51,35.42,0.61,18.69,41.41,-34.81,8.75,-15.20,31,1000.00,*A31008.00,
55,104.24,37.73,47.44,19.18,195.90,22006.55,349.14,0.00,1005.56,19.51,35.42,0.61,18.69,41.41,-34.81,8.75,-15.20,31,1000.00,*A31008.00,
broadcasting
sending telemetry
SGP: OK
Collected data
56,105.63,37.09,47.44,19.18,195.90,22006.55,349.14,0.00,1005.54,19.45,35.99,0.61,18.69,41.41,-34.81,8.75,-15.20,37,1000.00,*141008.00,
56,105.63,37.09,47.44,19.18,195.90,22006.55,349.14,0.00,1005.54,19.45,35.99,0.61,18.69,41.41,-34.81,8.75,-15.20,37,1000.00,*141008.00,
broadcasting
sending telemetry
SGP: OK
Collected data
57,107.03,37.09,47.44,19.18,195.90,22006.55,349.14,0.00,1005.54,19.45,35.85,0.61,18.69,41.41,-34.81,8.75,-15.20,42,1000.00,*5A1008.00,
57,107.03,37.09,47.44,19.18,195.90,22006.55,349.14,0.00,1005.54,19.45,35.85,0.61,18.69,41.41,-34.81,8.75,-15.20,42,1000.00,*5A1008.00,
broadcasting
sending telemetry
SGP: OK
Collected data
58,108.43,37.09,47.44,19.18,195.90,22006.55,349.14,0.00,1005.56,19.42,35.13,0.61,18.69,41.41,-34.81,8.75,-15.20,47,1000.00,*BE1008.00,
58,108.43,37.09,47.44,19.18,195.90,22006.55,349.14,0.00,1005.56,19.42,35.13,0.61,18.69,41.41,-34.81,8.75,-15.20,47,1000.00,*BE1008.00,
broadcasting
sending telemetry
SGP: OK
Collected data
59,109.82,37.09,47.44,19.18,195.90,22006.55,349.14,0.00,1005.56,19.32,34.37,0.61,18.69,41.41,-34.81,8.75,-15.20,51,1000.00,*261008.00,
59,109.82,37.09,47.44,19.18,195.90,22006.55,349.14,0.00,1005.56,19.32,34.37,0.61,18.69,41.41,-34.81,8.75,-15.20,51,1000.00,*261008.00,
broadcasting
sending telemetry
SGP: OK
Collected data
60,111.22,37.09,47.44,19.18,195.90,22006.55,349.14,0.00,1005.57,19.21,34.46,0.61,18.69,41.41,-34.81,8.75,-15.20,54,1000.00,*A81008.00,
60,111.22,37.09,47.44,19.18,195.90,22006.55,349.14,0.00,1005.57,19.21,34.46,0.61,18.69,41.41,-34.81,8.75,-15.20,54,1000.00,*A81008.00,
broadcasting
sending telemetry
SGP: OK
Collected data
61,112.62,37.09,47.44,19.18,195.86,22023.69,304.17,0.00,1005.57,19.16,34.21,0.61,18.69,41.41,-34.81,8.75,-15.20,57,1000.00,*AC1008.00,
61,112.62,37.09,47.44,19.18,195.86,22023.69,304.17,0.00,1005.57,19.16,34.21,0.61,18.69,41.41,-34.81,8.75,-15.20,57,1000.00,*AC1008.00,
broadcasting
sending telemetry
SGP: OK
Collected data
62,114.01,36.45,47.44,19.18,195.86,22024.31,305.25,0.00,1005.59,19.10,34.12,0.61,18.69,41.41,-34.81,8.75,-15.20,59,1000.00,*8E1008.00,
62,114.01,36.45,47.44,19.18,195.86,22024.31,305.25,0.00,1005.59,19.10,34.12,0.61,18.69,41.41,-34.81,8.75,-15.20,59,1000.00,*8E1008.00,
broadcasting
sending telemetry
SGP: OK
Collected data
63,115.41,37.09,47.44,19.18,195.86,22024.86,305.02,0.00,1005.60,19.08,34.00,0.61,18.69,41.41,-34.81,8.75,-15.20,61,1000.00,*F41008.00,
63,115.41,37.09,47.44,19.18,195.86,22024.86,305.02,0.00,1005.60,19.08,34.00,0.61,18.69,41.41,-34.81,8.75,-15.20,61,1000.00,*F41008.00,
broadcasting
sending telemetry
SGP: OK
Collected data
64,116.81,37.09,47.44,19.18,195.85,22026.70,317.06,0.00,1005.58,19.01,34.00,0.61,18.69,41.41,-34.81,8.75,-15.20,62,1000.00,*321008.00,
64,116.81,37.09,47.44,19.18,195.85,22026.70,317.06,0.00,1005.58,19.01,34.00,0.61,18.69,41.41,-34.81,8.75,-15.20,62,1000.00,*321008.00,
broadcasting
sending telemetry
SGP: OK
Collected data
65,118.20,36.45,47.44,19.18,195.85,22026.70,317.06,0.00,1005.62,18.88,33.94,0.61,18.69,41.41,-34.81,8.75,-15.20,63,1000.00,*5B1008.00,
65,118.20,36.45,47.44,19.18,195.85,22026.70,317.06,0.00,1005.62,18.88,33.94,0.61,18.69,41.41,-34.81,8.75,-15.20,63,1000.00,*5B1008.00,
broadcasting
sending telemetry
SGP: OK
Collected data
66,119.60,37.09,47.44,19.18,195.85,22026.70,317.06,0.00,1005.64,18.70,33.18,0.61,18.69,41.41,-34.81,8.75,-15.20,64,1000.00,*FD1008.00,
66,119.60,37.09,47.44,19.18,195.85,22026.70,317.06,0.00,1005.64,18.70,33.18,0.61,18.69,41.41,-34.81,8.75,-15.20,64,1000.00,*FD1008.00,
broadcasting
sending telemetry
SGP: OK
Collected data
67,121.00,36.45,47.44,19.18,195.84,22029.70,308.97,0.00,1005.67,18.54,32.44,0.61,18.69,41.41,-34.81,8.75,-15.20,66,1000.00,*8E1008.00,
67,121.00,36.45,47.44,19.18,195.84,22029.70,308.97,0.00,1005.67,18.54,32.44,0.61,18.69,41.41,-34.81,8.75,-15.20,66,1000.00,*8E1008.00,
broadcasting
sending telemetry
SGP: OK
Collected data
68,122.39,36.45,47.44,19.18,195.84,22029.70,308.97,0.00,1005.64,18.39,31.88,0.61,18.69,41.41,-34.81,8.75,-15.20,67,1000.00,*481008.00,
68,122.39,36.45,47.44,19.18,195.84,22029.70,308.97,0.00,1005.64,18.39,31.88,0.61,18.69,41.41,-34.81,8.75,-15.20,67,1000.00,*481008.00,
broadcasting
sending telemetry
SGP: OK
Collected data
69,123.79,36.45,47.44,19.18,195.84,22029.70,308.97,0.00,1005.67,18.32,31.61,0.61,18.69,41.41,-34.81,8.75,-15.20,69,1000.00,*A61008.00,
69,123.79,36.45,47.44,19.18,195.84,22029.70,308.97,0.00,1005.67,18.32,31.61,0.61,18.69,41.41,-34.81,8.75,-15.20,69,1000.00,*A61008.00,
broadcasting
sending telemetry
SGP: OK
Collected data
70,125.18,36.45,47.44,19.18,195.84,22029.70,308.97,0.00,1005.67,18.37,32.03,0.61,18.69,41.41,-34.81,8.75,-15.20,70,1000.00,*581008.00,
70,125.18,36.45,47.44,19.18,195.84,22029.70,308.97,0.00,1005.67,18.37,32.03,0.61,18.69,41.41,-34.81,8.75,-15.20,70,1000.00,*581008.00,
broadcasting
sending telemetry
SGP: OK
Collected data
71,126.58,36.45,47.44,19.18,195.84,22029.70,308.97,0.00,1005.66,18.25,31.95,0.61,18.69,41.41,-34.81,8.75,-15.20,71,1000.00,*731008.00,
71,126.58,36.45,47.44,19.18,195.84,22029.70,308.97,0.00,1005.66,18.25,31.95,0.61,18.69,41.41,-34.81,8.75,-15.20,71,1000.00,*731008.00,
broadcasting
sending telemetry
SGP: OK
Collected data
72,127.98,36.45,47.44,19.18,195.84,22029.70,308.97,0.00,1005.63,18.16,31.68,0.61,18.69,41.41,-34.81,8.75,-15.20,71,1000.00,*E41008.00,
72,127.98,36.45,47.44,19.18,195.84,22029.70,308.97,0.00,1005.63,18.16,31.68,0.61,18.69,41.41,-34.81,8.75,-15.20,71,1000.00,*E41008.00,
broadcasting
sending telemetry
SGP: OK
Collected data
73,129.38,35.82,47.44,19.18,195.84,22029.70,308.97,0.00,1005.65,18.23,32.62,0.61,18.69,41.41,-34.81,8.75,-15.20,71,1000.00,*701008.00,
73,129.38,35.82,47.44,19.18,195.84,22029.70,308.97,0.00,1005.65,18.23,32.62,0.61,18.69,41.41,-34.81,8.75,-15.20,71,1000.00,*701008.00,
broadcasting
sending telemetry
SGP: OK
Collected data
74,130.77,36.45,47.44,19.18,195.84,22029.70,308.97,0.00,1005.71,18.08,32.02,0.61,18.69,41.41,-34.81,8.75,-15.20,72,1000.00,*7A1008.00,
74,130.77,36.45,47.44,19.18,195.84,22029.70,308.97,0.00,1005.71,18.08,32.02,0.61,18.69,41.41,-34.81,8.75,-15.20,72,1000.00,*7A1008.00,
broadcasting
sending telemetry
SGP: OK
Collected data
75,132.17,35.82,47.44,19.18,195.84,22029.70,308.97,0.00,1005.69,18.03,31.98,0.61,18.69,41.41,-34.81,8.75,-15.20,71,1000.00,*E81008.00,
75,132.17,35.82,47.44,19.18,195.84,22029.70,308.97,0.00,1005.69,18.03,31.98,0.61,18.69,41.41,-34.81,8.75,-15.20,71,1000.00,*E81008.00,
broadcasting
sending telemetry
SGP: OK
Collected data
76,133.56,36.45,47.44,19.18,195.79,22030.10,289.42,0.00,1005.67,17.96,31.91,0.61,18.69,41.41,-34.81,8.75,-15.20,71,1000.00,*8B1008.00,
76,133.56,36.45,47.44,19.18,195.79,22030.10,289.42,0.00,1005.67,17.96,31.91,0.61,18.69,41.41,-34.81,8.75,-15.20,71,1000.00,*8B1008.00,
broadcasting
sending telemetry
SGP: OK
Collected data
77,134.96,36.45,47.44,19.18,195.78,22029.71,277.67,0.00,1005.70,17.88,31.63,0.61,18.69,41.41,-34.81,8.75,-15.20,71,1000.00,*821008.00,
77,134.96,36.45,47.44,19.18,195.78,22029.71,277.67,0.00,1005.70,17.88,31.63,0.61,18.69,41.41,-34.81,8.75,-15.20,71,1000.00,*821008.00,
broadcasting
sending telemetry
SGP: OK
Collected data
78,136.36,35.82,47.44,19.18,195.78,22029.49,277.19,0.00,1005.71,17.85,31.59,0.61,18.69,41.41,-34.81,8.75,-15.20,70,1000.00,*C31008.00,
78,136.36,35.82,47.44,19.18,195.78,22029.49,277.19,0.00,1005.71,17.85,31.59,0.61,18.69,41.41,-34.81,8.75,-15.20,70,1000.00,*C31008.00,
broadcasting
sending telemetry
SGP: OK
Collected data
79,137.75,35.82,47.44,19.18,195.77,22028.28,266.42,0.00,1005.74,17.79,31.68,0.61,18.69,41.41,-34.81,8.75,-15.20,69,1000.00,*921008.00,
79,137.75,35.82,47.44,19.18,195.77,22028.28,266.42,0.00,1005.74,17.79,31.68,0.61,18.69,41.41,-34.81,8.75,-15.20,69,1000.00,*921008.00,
broadcasting
sending telemetry
SGP: OK
Collected data
80,139.15,35.82,47.44,19.18,195.77,22028.28,266.42,0.00,1005.77,17.76,31.87,0.61,18.69,41.41,-34.81,8.75,-15.20,68,1000.00,*3F1008.00,
80,139.15,35.82,47.44,19.18,195.77,22028.28,266.42,0.00,1005.77,17.76,31.87,0.61,18.69,41.41,-34.81,8.75,-15.20,68,1000.00,*3F1008.00,
broadcasting
sending telemetry
SGP: OK
Collected data
81,140.55,36.45,47.44,19.18,195.77,22028.28,266.42,0.00,1005.76,17.84,32.04,0.61,18.69,41.41,-34.81,8.75,-15.20,67,1000.00,*851008.00,
81,140.55,36.45,47.44,19.18,195.77,22028.28,266.42,0.00,1005.76,17.84,32.04,0.61,18.69,41.41,-34.81,8.75,-15.20,67,1000.00,*851008.00,
broadcasting
sending telemetry
SGP: OK
Collected data
82,141.94,36.45,47.44,19.18,195.77,22028.28,266.42,0.00,1005.81,17.82,31.87,0.61,18.69,41.41,-34.81,8.75,-15.20,66,1000.00,*901008.00,
82,141.94,36.45,47.44,19.18,195.77,22028.28,266.42,0.00,1005.81,17.82,31.87,0.61,18.69,41.41,-34.81,8.75,-15.20,66,1000.00,*901008.00,
broadcasting
sending telemetry
SGP: OK
Collected data
83,143.34,36.45,47.44,19.18,195.77,22028.28,266.42,0.00,1005.83,17.87,32.46,0.61,18.69,41.41,-34.81,8.75,-15.20,65,1000.00,*661008.00,
83,143.34,36.45,47.44,19.18,195.77,22028.28,266.42,0.00,1005.83,17.87,32.46,0.61,18.69,41.41,-34.81,8.75,-15.20,65,1000.00,*661008.00,
broadcasting
sending telemetry
SGP: OK
Collected data
84,144.74,35.82,47.44,19.18,195.77,22028.28,266.42,0.00,1005.82,17.87,32.74,0.61,18.69,41.41,-34.81,8.75,-15.20,64,1000.00,*CD1008.00,
84,144.74,35.82,47.44,19.18,195.77,22028.28,266.42,0.00,1005.82,17.87,32.74,0.61,18.69,41.41,-34.81,8.75,-15.20,64,1000.00,*CD1008.00,
broadcasting
sending telemetry
SGP: OK
Collected data
85,146.13,35.82,47.44,19.18,195.77,22028.28,266.42,0.00,1005.83,17.89,32.73,0.61,18.69,41.41,-34.81,8.75,-15.20,63,1000.00,*A91008.00,
85,146.13,35.82,47.44,19.18,195.77,22028.28,266.42,0.00,1005.83,17.89,32.73,0.61,18.69,41.41,-34.81,8.75,-15.20,63,1000.00,*A91008.00,
broadcasting
sending telemetry
SGP: OK
Collected data
86,147.53,36.45,47.44,19.18,195.77,22028.28,266.42,0.00,1005.89,17.86,32.64,0.61,18.69,41.41,-34.81,8.75,-15.20,62,1000.00,*601008.00,
86,147.53,36.45,47.44,19.18,195.77,22028.28,266.42,0.00,1005.89,17.86,32.64,0.61,18.69,41.41,-34.81,8.75,-15.20,62,1000.00,*601008.00,
broadcasting
sending telemetry
SGP: OK
Collected data
87,148.93,36.45,47.44,19.18,195.77,22028.28,266.42,0.00,1005.85,17.90,32.92,0.61,18.69,41.41,-34.81,8.75,-15.20,61,1000.00,*231008.00,
87,148.93,36.45,47.44,19.18,195.77,22028.28,266.42,0.00,1005.85,17.90,32.92,0.61,18.69,41.41,-34.81,8.75,-15.20,61,1000.00,*231008.00,
broadcasting
sending telemetry
SGP: OK
Collected data
88,150.32,35.82,47.44,19.18,195.77,22028.28,266.42,0.00,1005.84,17.96,33.68,0.61,18.69,41.41,-34.81,8.75,-15.20,60,1000.00,*8D1008.00,
88,150.32,35.82,47.44,19.18,195.77,22028.28,266.42,0.00,1005.84,17.96,33.68,0.61,18.69,41.41,-34.81,8.75,-15.20,60,1000.00,*8D1008.00,
broadcasting
sending telemetry
SGP: OK
Collected data
89,151.72,36.45,47.44,19.18,195.77,22028.28,266.42,0.00,1005.87,18.00,34.74,0.61,18.69,41.41,-34.81,8.75,-15.20,60,1000.00,*5E1008.00,
89,151.72,36.45,47.44,19.18,195.77,22028.28,266.42,0.00,1005.87,18.00,34.74,0.61,18.69,41.41,-34.81,8.75,-15.20,60,1000.00,*5E1008.00,
broadcasting
sending telemetry
SGP: OK
Collected data
90,153.12,36.45,47.44,19.18,195.77,22028.28,266.42,0.00,1005.88,17.99,34.19,0.61,18.69,41.41,-34.81,8.75,-15.20,59,1000.00,*271008.00,
90,153.12,36.45,47.44,19.18,195.77,22028.28,266.42,0.00,1005.88,17.99,34.19,0.61,18.69,41.41,-34.81,8.75,-15.20,59,1000.00,*271008.00,
broadcasting
sending telemetry
SGP: OK
Collected data
91,154.51,36.45,47.44,19.18,195.77,22028.28,266.42,0.00,1005.87,17.89,32.87,0.61,18.69,41.41,-34.81,8.75,-15.20,60,1000.00,*811008.00,
91,154.51,36.45,47.44,19.18,195.77,22028.28,266.42,0.00,1005.87,17.89,32.87,0.61,18.69,41.41,-34.81,8.75,-15.20,60,1000.00,*811008.00,
broadcasting
sending telemetry
SGP: OK
Collected data
92,155.91,36.45,47.44,19.18,195.73,22008.14,218.74,0.00,1005.84,17.86,32.05,0.61,18.69,41.41,-34.81,8.75,-15.20,60,1000.00,*741008.00,
92,155.91,36.45,47.44,19.18,195.73,22008.14,218.74,0.00,1005.84,17.86,32.05,0.61,18.69,41.41,-34.81,8.75,-15.20,60,1000.00,*741008.00,
broadcasting
sending telemetry
SGP: OK
Collected data
93,157.30,36.45,47.44,19.18,195.73,22006.52,217.73,0.00,1005.86,17.82,31.80,0.61,18.69,41.41,-34.81,8.75,-15.20,60,1000.00,*F31008.00,
93,157.30,36.45,47.44,19.18,195.73,22006.52,217.73,0.00,1005.86,17.82,31.80,0.61,18.69,41.41,-34.81,8.75,-15.20,60,1000.00,*F31008.00,
broadcasting
sending telemetry
SGP: OK
Collected data
94,158.70,36.45,47.44,19.18,195.72,22002.99,217.00,0.00,1005.81,17.85,32.02,0.61,18.69,41.41,-34.81,8.75,-15.20,60,1000.00,*851008.00,
94,158.70,36.45,47.44,19.18,195.72,22002.99,217.00,0.00,1005.81,17.85,32.02,0.61,18.69,41.41,-34.81,8.75,-15.20,60,1000.00,*851008.00,
broadcasting
sending telemetry
SGP: OK
Collected data
95,160.10,36.45,47.44,19.18,195.72,22002.99,217.00,0.00,1005.82,17.91,32.96,0.61,18.69,41.41,-34.81,8.75,-15.20,60,1000.00,*DF1008.00,
95,160.10,36.45,47.44,19.18,195.72,22002.99,217.00,0.00,1005.82,17.91,32.96,0.61,18.69,41.41,-34.81,8.75,-15.20,60,1000.00,*DF1008.00,
broadcasting
sending telemetry
SGP: OK
Collected data
96,161.49,36.45,47.44,19.18,195.72,22002.99,217.00,0.00,1005.84,17.98,33.78,0.61,18.69,41.41,-34.81,8.75,-15.20,60,1000.00,*8F1008.00,
96,161.49,36.45,47.44,19.18,195.72,22002.99,217.00,0.00,1005.84,17.98,33.78,0.61,18.69,41.41,-34.81,8.75,-15.20,60,1000.00,*8F1008.00,
broadcasting
sending telemetry
SGP: OK
Collected data
97,162.89,37.09,47.44,19.18,195.72,22002.99,217.00,0.00,1005.82,18.01,33.73,0.61,18.69,41.41,-34.81,8.75,-15.20,60,1000.00,*C91008.00,
97,162.89,37.09,47.44,19.18,195.72,22002.99,217.00,0.00,1005.82,18.01,33.73,0.61,18.69,41.41,-34.81,8.75,-15.20,60,1000.00,*C91008.00,
broadcasting
sending telemetry
SGP: OK
Collected data
98,164.29,37.09,47.44,19.18,195.72,22002.99,217.00,0.00,1005.82,18.00,33.51,0.61,18.69,41.41,-34.81,8.75,-15.20,60,1000.00,*721008.00,
98,164.29,37.09,47.44,19.18,195.72,22002.99,217.00,0.00,1005.82,18.00,33.51,0.61,18.69,41.41,-34.81,8.75,-15.20,60,1000.00,*721008.00,
broadcasting
sending telemetry
SGP: OK
Collected data
99,165.68,37.09,47.44,19.18,195.72,22002.99,217.00,0.00,1005.83,17.93,32.97,0.61,18.69,41.41,-34.81,8.75,-15.20,61,1000.00,*FA1008.00,
99,165.68,37.09,47.44,19.18,195.72,22002.99,217.00,0.00,1005.83,17.93,32.97,0.61,18.69,41.41,-34.81,8.75,-15.20,61,1000.00,*FA1008.00,
broadcasting
sending telemetry
SGP: OK
Collected data
100,167.08,37.09,47.44,19.18,195.72,22002.99,217.00,0.00,1005.82,17.99,33.49,0.61,18.69,41.41,-34.81,8.75,-15.20,62,1000.00,*231016.00,
100,167.08,37.09,47.44,19.18,195.72,22002.99,217.00,0.00,1005.82,17.99,33.49,0.61,18.69,41.41,-34.81,8.75,-15.20,62,1000.00,*231016.00,
broadcasting
sending telemetry
SGP: OK
Collected data
101,168.48,37.09,47.44,19.18,195.72,22002.99,217.00,0.00,1005.84,18.01,33.81,0.61,18.69,41.41,-34.81,8.75,-15.20,63,1000.00,*571016.00,
101,168.48,37.09,47.44,19.18,195.72,22002.99,217.00,0.00,1005.84,18.01,33.81,0.61,18.69,41.41,-34.81,8.75,-15.20,63,1000.00,*571016.00,
broadcasting
sending telemetry
SGP: OK
Collected data
102,169.87,36.45,47.44,19.18,195.72,22002.99,217.00,0.00,1005.85,17.99,33.96,0.61,18.69,41.41,-34.81,8.75,-15.20,63,1000.00,*1E1016.00,
102,169.87,36.45,47.44,19.18,195.72,22002.99,217.00,0.00,1005.85,17.99,33.96,0.61,18.69,41.41,-34.81,8.75,-15.20,63,1000.00,*1E1016.00,
broadcasting
sending telemetry
SGP: OK
Collected data
103,171.27,37.09,47.44,19.18,195.72,22002.99,217.00,0.00,1005.85,18.02,34.43,0.61,18.69,41.41,-34.81,8.75,-15.20,63,1000.00,*4B1016.00,
103,171.27,37.09,47.44,19.18,195.72,22002.99,217.00,0.00,1005.85,18.02,34.43,0.61,18.69,41.41,-34.81,8.75,-15.20,63,1000.00,*4B1016.00,
broadcasting
sending telemetry
SGP: OK
Collected data
104,172.67,37.09,47.44,19.18,195.72,22002.99,217.00,0.00,1005.88,18.00,34.13,0.61,18.69,41.41,-34.81,8.75,-15.20,64,1000.00,*111016.00,
104,172.67,37.09,47.44,19.18,195.72,22002.99,217.00,0.00,1005.88,18.00,34.13,0.61,18.69,41.41,-34.81,8.75,-15.20,64,1000.00,*111016.00,
broadcasting
sending telemetry
SGP: OK
Collected data
105,174.06,37.09,47.44,19.18,195.72,22002.99,217.00,0.00,1005.86,17.92,33.84,0.61,18.69,41.41,-34.81,8.75,-15.20,64,1000.00,*E31016.00,
105,174.06,37.09,47.44,19.18,195.72,22002.99,217.00,0.00,1005.86,17.92,33.84,0.61,18.69,41.41,-34.81,8.75,-15.20,64,1000.00,*E31016.00,
broadcasting
sending telemetry
SGP: OK
Collected data
106,175.46,37.09,47.44,19.18,195.71,21979.17,210.06,0.00,1005.84,17.89,33.22,0.61,18.69,41.41,-34.81,8.75,-15.20,65,1000.00,*9F1016.00,
106,175.46,37.09,47.44,19.18,195.71,21979.17,210.06,0.00,1005.84,17.89,33.22,0.61,18.69,41.41,-34.81,8.75,-15.20,65,1000.00,*9F1016.00,
broadcasting
sending telemetry
SGP: OK
Collected data
107,176.86,37.09,47.44,19.18,195.71,21977.64,211.49,0.00,1005.90,17.77,32.57,0.61,18.69,41.41,-34.81,8.75,-15.20,66,1000.00,*811016.00,
107,176.86,37.09,47.44,19.18,195.71,21977.64,211.49,0.00,1005.90,17.77,32.57,0.61,18.69,41.41,-34.81,8.75,-15.20,66,1000.00,*811016.00,
broadcasting
sending telemetry
SGP: OK
Collected data
108,178.25,36.45,47.44,19.18,195.71,21976.04,208.98,0.00,1005.89,17.71,32.39,0.61,18.69,41.41,-34.81,8.75,-15.20,66,1000.00,*2F1016.00,
108,178.25,36.45,47.44,19.18,195.71,21976.04,208.98,0.00,1005.89,17.71,32.39,0.61,18.69,41.41,-34.81,8.75,-15.20,66,1000.00,*2F1016.00,
broadcasting
sending telemetry
SGP: OK
Collected data
109,179.65,37.09,47.44,19.18,195.71,21972.96,188.33,0.00,1005.88,17.66,32.23,0.61,18.69,41.41,-34.81,8.75,-15.20,67,1000.00,*B91016.00,
109,179.65,37.09,47.44,19.18,195.71,21972.96,188.33,0.00,1005.88,17.66,32.23,0.61,18.69,41.41,-34.81,8.75,-15.20,67,1000.00,*B91016.00,
broadcasting
sending telemetry
SGP: OK
Collected data
110,181.05,37.09,47.44,19.18,195.71,21971.22,181.04,0.00,1005.90,17.69,32.34,0.61,18.69,41.41,-34.81,8.75,-15.20,67,1000.00,*5F1016.00,
110,181.05,37.09,47.44,19.18,195.71,21971.22,181.04,0.00,1005.90,17.69,32.34,0.61,18.69,41.41,-34.81,8.75,-15.20,67,1000.00,*5F1016.00,
broadcasting
sending telemetry
SGP: OK
Collected data
111,182.44,37.09,47.44,19.18,195.71,21971.22,181.04,0.00,1005.86,17.75,32.21,0.61,18.69,41.41,-34.81,8.75,-15.20,67,1000.00,*BD1016.00,
111,182.44,37.09,47.44,19.18,195.71,21971.22,181.04,0.00,1005.86,17.75,32.21,0.61,18.69,41.41,-34.81,8.75,-15.20,67,1000.00,*BD1016.00,
broadcasting
sending telemetry
SGP: OK
Collected data
112,183.84,37.09,47.44,19.18,195.71,21971.22,181.04,0.00,1005.87,17.71,32.05,0.61,18.69,41.41,-34.81,8.75,-15.20,68,1000.00,*661016.00,
112,183.84,37.09,47.44,19.18,195.71,21971.22,181.04,0.00,1005.87,17.71,32.05,0.61,18.69,41.41,-34.81,8.75,-15.20,68,1000.00,*661016.00,
broadcasting
sending telemetry
SGP: OK
Collected data
113,185.24,37.09,47.44,19.18,195.71,21971.22,181.04,0.00,1005.92,17.80,32.04,0.61,18.69,41.41,-34.81,8.75,-15.20,68,1000.00,*A71016.00,
113,185.24,37.09,47.44,19.18,195.71,21971.22,181.04,0.00,1005.92,17.80,32.04,0.61,18.69,41.41,-34.81,8.75,-15.20,68,1000.00,*A71016.00,
broadcasting
sending telemetry
SGP: OK
Collected data
114,186.63,37.09,47.44,19.18,195.71,21971.22,181.04,0.00,1005.83,17.95,32.41,0.61,18.69,41.41,-34.81,8.75,-15.20,68,1000.00,*671016.00,
114,186.63,37.09,47.44,19.18,195.71,21971.22,181.04,0.00,1005.83,17.95,32.41,0.61,18.69,41.41,-34.81,8.75,-15.20,68,1000.00,*671016.00,
broadcasting
sending telemetry
SGP: OK
Collected data
115,188.03,37.09,47.44,19.18,195.71,21971.22,181.04,0.00,1005.84,18.01,33.64,0.61,18.69,41.41,-34.81,8.75,-15.20,69,1000.00,*5F1016.00,
115,188.03,37.09,47.44,19.18,195.71,21971.22,181.04,0.00,1005.84,18.01,33.64,0.61,18.69,41.41,-34.81,8.75,-15.20,69,1000.00,*5F1016.00,
broadcasting
sending telemetry
SGP: OK
Collected data
116,189.43,37.73,47.44,19.18,195.71,21971.22,181.04,0.00,1005.86,18.00,33.81,0.61,18.69,41.41,-34.81,8.75,-15.20,69,1000.00,*231016.00,
116,189.43,37.73,47.44,19.18,195.71,21971.22,181.04,0.00,1005.86,18.00,33.81,0.61,18.69,41.41,-34.81,8.75,-15.20,69,1000.00,*231016.00,
broadcasting
sending telemetry
SGP: OK
Collected data
117,190.82,37.73,47.44,19.18,195.71,21971.22,181.04,0.00,1005.85,17.98,33.52,0.61,18.69,41.41,-34.81,8.75,-15.20,71,1000.00,*DC1016.00,
117,190.82,37.73,47.44,19.18,195.71,21971.22,181.04,0.00,1005.85,17.98,33.52,0.61,18.69,41.41,-34.81,8.75,-15.20,71,1000.00,*DC1016.00,
broadcasting
sending telemetry
SGP: OK
Collected data
118,192.22,37.73,47.44,19.18,195.71,21971.22,181.04,0.00,1005.82,18.00,34.10,0.61,18.69,41.41,-34.81,8.75,-15.20,72,1000.00,*8B1016.00,
118,192.22,37.73,47.44,19.18,195.71,21971.22,181.04,0.00,1005.82,18.00,34.10,0.61,18.69,41.41,-34.81,8.75,-15.20,72,1000.00,*8B1016.00,
broadcasting
sending telemetry
SGP: OK
Collected data
119,193.62,37.73,47.44,19.18,195.71,21971.22,181.04,0.00,1005.83,18.01,33.84,0.61,18.69,41.41,-34.81,8.75,-15.20,74,1000.00,*901016.00,
119,193.62,37.73,47.44,19.18,195.71,21971.22,181.04,0.00,1005.83,18.01,33.84,0.61,18.69,41.41,-34.81,8.75,-15.20,74,1000.00,*901016.00,
broadcasting
sending telemetry
SGP: OK
Collected data
120,195.01,37.09,47.44,19.18,195.71,21971.22,181.04,0.00,1005.83,17.88,32.98,0.61,18.69,41.41,-34.81,8.75,-15.20,76,1000.00,*6C1016.00,
120,195.01,37.09,47.44,19.18,195.71,21971.22,181.04,0.00,1005.83,17.88,32.98,0.61,18.69,41.41,-34.81,8.75,-15.20,76,1000.00,*6C1016.00,
broadcasting
sending telemetry
SGP: OK
Collected data
121,196.41,37.09,47.44,19.18,195.71,21971.22,181.04,0.00,1005.85,17.90,32.97,0.61,18.69,41.41,-34.81,8.75,-15.20,78,1000.00,*DB1016.00,
121,196.41,37.09,47.44,19.18,195.71,21971.22,181.04,0.00,1005.85,17.90,32.97,0.61,18.69,41.41,-34.81,8.75,-15.20,78,1000.00,*DB1016.00,
broadcasting
sending telemetry
SGP: OK
Collected data
122,197.81,37.09,47.44,19.18,195.71,21970.90,350.04,0.00,1005.87,17.97,33.27,0.61,18.69,41.41,-34.81,8.75,-15.20,80,1000.00,*971016.00,
122,197.81,37.09,47.44,19.18,195.71,21970.90,350.04,0.00,1005.87,17.97,33.27,0.61,18.69,41.41,-34.81,8.75,-15.20,80,1000.00,*971016.00,
broadcasting
sending telemetry
SGP: OK
Collected data
123,199.20,37.73,47.44,19.18,195.71,21971.56,354.06,0.00,1005.90,18.00,33.29,0.61,18.69,41.41,-34.81,8.75,-15.20,81,1000.00,*3E1016.00,
123,199.20,37.73,47.44,19.18,195.71,21971.56,354.06,0.00,1005.90,18.00,33.29,0.61,18.69,41.41,-34.81,8.75,-15.20,81,1000.00,*3E1016.00,
broadcasting
sending telemetry
SGP: OK
Collected data
124,200.60,37.73,47.44,19.18,195.71,21969.63,149.79,0.00,1005.86,17.98,32.90,0.61,18.69,41.41,-34.81,8.75,-15.20,82,1000.00,*321016.00,
124,200.60,37.73,47.44,19.18,195.71,21969.63,149.79,0.00,1005.86,17.98,32.90,0.61,18.69,41.41,-34.81,8.75,-15.20,82,1000.00,*321016.00,
broadcasting
sending telemetry
SGP: OK
Collected data
125,202.00,37.73,47.44,19.18,195.71,21969.63,149.79,0.00,1005.86,17.96,32.80,0.61,18.69,41.41,-34.81,8.75,-15.20,83,1000.00,*AA1016.00,
125,202.00,37.73,47.44,19.18,195.71,21969.63,149.79,0.00,1005.86,17.96,32.80,0.61,18.69,41.41,-34.81,8.75,-15.20,83,1000.00,*AA1016.00,
broadcasting
sending telemetry
SGP: OK
Collected data
126,203.39,37.73,47.44,19.18,195.71,21969.63,149.79,0.00,1005.81,17.95,33.09,0.61,18.69,41.41,-34.81,8.75,-15.20,83,1000.00,*B91016.00,
126,203.39,37.73,47.44,19.18,195.71,21969.63,149.79,0.00,1005.81,17.95,33.09,0.61,18.69,41.41,-34.81,8.75,-15.20,83,1000.00,*B91016.00,
broadcasting
sending telemetry
SGP: OK
Collected data
127,204.79,37.73,47.44,19.18,195.71,21969.63,149.79,0.00,1005.82,17.94,33.39,0.61,18.69,41.41,-34.81,8.75,-15.20,84,1000.00,*A41016.00,
127,204.79,37.73,47.44,19.18,195.71,21969.63,149.79,0.00,1005.82,17.94,33.39,0.61,18.69,41.41,-34.81,8.75,-15.20,84,1000.00,*A41016.00,
broadcasting
sending telemetry
SGP: OK
Collected data
128,206.19,37.73,47.44,19.18,195.71,21969.63,149.79,0.00,1005.79,17.95,33.40,0.61,18.69,41.41,-34.81,8.75,-15.20,85,1000.00,*FB1016.00,
128,206.19,37.73,47.44,19.18,195.71,21969.63,149.79,0.00,1005.79,17.95,33.40,0.61,18.69,41.41,-34.81,8.75,-15.20,85,1000.00,*FB1016.00,
broadcasting
sending telemetry
SGP: OK
Collected data
129,207.58,37.73,47.44,19.18,195.71,21969.63,149.79,0.00,1005.71,17.92,33.50,0.61,18.69,41.41,-34.81,8.75,-15.20,86,1000.00,*C01016.00,
129,207.58,37.73,47.44,19.18,195.71,21969.63,149.79,0.00,1005.71,17.92,33.50,0.61,18.69,41.41,-34.81,8.75,-15.20,86,1000.00,*C01016.00,
broadcasting
sending telemetry
SGP: OK
Collected data
130,208.98,37.73,47.44,19.18,195.71,21969.63,149.79,0.00,1005.72,17.88,33.64,0.61,18.69,41.41,-34.81,8.75,-15.20,88,1000.00,*431016.00,
130,208.98,37.73,47.44,19.18,195.71,21969.63,149.79,0.00,1005.72,17.88,33.64,0.61,18.69,41.41,-34.81,8.75,-15.20,88,1000.00,*431016.00,
broadcasting
sending telemetry
SGP: OK
Collected data
131,210.38,38.36,47.44,19.18,195.71,21969.63,149.79,0.00,1005.72,17.82,33.77,0.61,18.69,41.41,-34.81,8.75,-15.20,89,1000.00,*421016.00,
131,210.38,38.36,47.44,19.18,195.71,21969.63,149.79,0.00,1005.72,17.82,33.77,0.61,18.69,41.41,-34.81,8.75,-15.20,89,1000.00,*421016.00,
broadcasting
sending telemetry
SGP: OK
Collected data
132,211.77,37.73,47.44,19.18,195.71,21969.63,149.79,0.00,1005.73,17.77,33.95,0.61,18.69,41.41,-34.81,8.75,-15.20,90,1000.00,*A51016.00,
132,211.77,37.73,47.44,19.18,195.71,21969.63,149.79,0.00,1005.73,17.77,33.95,0.61,18.69,41.41,-34.81,8.75,-15.20,90,1000.00,*A51016.00,
broadcasting
sending telemetry
SGP: OK
Collected data
133,213.17,37.73,47.44,19.18,195.71,21969.63,149.79,0.00,1005.77,17.69,34.14,0.61,18.69,41.41,-34.81,8.75,-15.20,90,1000.00,*D41016.00,
133,213.17,37.73,47.44,19.18,195.71,21969.63,149.79,0.00,1005.77,17.69,34.14,0.61,18.69,41.41,-34.81,8.75,-15.20,90,1000.00,*D41016.00,
broadcasting
sending telemetry
SGP: OK
Collected data
134,214.57,37.73,47.44,19.18,195.71,21969.63,149.79,0.00,1005.73,17.52,33.44,0.61,18.69,41.41,-34.81,8.75,-15.20,92,1000.00,*8D1016.00,
134,214.57,37.73,47.44,19.18,195.71,21969.63,149.79,0.00,1005.73,17.52,33.44,0.61,18.69,41.41,-34.81,8.75,-15.20,92,1000.00,*8D1016.00,
broadcasting
sending telemetry
SGP: OK
Collected data
135,215.96,37.73,47.44,19.18,195.71,21969.63,149.79,0.00,1005.72,17.53,33.49,0.61,18.69,41.41,-34.81,8.75,-15.20,93,1000.00,*AD1016.00,
135,215.96,37.73,47.44,19.18,195.71,21969.63,149.79,0.00,1005.72,17.53,33.49,0.61,18.69,41.41,-34.81,8.75,-15.20,93,1000.00,*AD1016.00,
broadcasting
sending telemetry
SGP: OK
Collected data
136,217.36,37.73,47.44,19.18,195.71,21969.63,149.79,0.00,1005.71,17.42,33.46,0.61,18.69,41.41,-34.81,8.75,-15.20,94,1000.00,*421016.00,
136,217.36,37.73,47.44,19.18,195.71,21969.63,149.79,0.00,1005.71,17.42,33.46,0.61,18.69,41.41,-34.81,8.75,-15.20,94,1000.00,*421016.00,
broadcasting
sending telemetry
SGP: OK
Collected data
137,218.76,37.73,47.44,19.18,195.78,21959.25,125.17,0.00,1005.74,17.26,33.15,0.61,18.69,41.41,-34.81,8.75,-15.20,96,1000.00,*EE1016.00,
137,218.76,37.73,47.44,19.18,195.78,21959.25,125.17,0.00,1005.74,17.26,33.15,0.61,18.69,41.41,-34.81,8.75,-15.20,96,1000.00,*EE1016.00,
broadcasting
sending telemetry
SGP: OK
Collected data
138,220.15,37.09,47.44,19.18,195.79,21958.68,125.64,0.00,1005.69,17.27,33.07,0.61,18.69,41.41,-34.81,8.75,-15.20,96,1000.00,*CF1016.00,
138,220.15,37.09,47.44,19.18,195.79,21958.68,125.64,0.00,1005.69,17.27,33.07,0.61,18.69,41.41,-34.81,8.75,-15.20,96,1000.00,*CF1016.00,
broadcasting
sending telemetry
SGP: OK
Collected data
139,221.55,36.45,47.44,19.18,195.79,21957.19,123.47,0.00,1005.71,17.22,32.84,0.61,18.69,41.41,-34.81,8.75,-15.20,96,1000.00,*EA1016.00,
139,221.55,36.45,47.44,19.18,195.79,21957.19,123.47,0.00,1005.71,17.22,32.84,0.61,18.69,41.41,-34.81,8.75,-15.20,96,1000.00,*EA1016.00,
broadcasting
sending telemetry
SGP: OK
Collected data
140,222.95,37.09,47.44,19.18,195.80,21957.34,116.29,0.00,1005.71,17.14,32.80,0.61,18.69,41.41,-34.81,8.75,-15.20,96,1000.00,*DA1016.00,
140,222.95,37.09,47.44,19.18,195.80,21957.34,116.29,0.00,1005.71,17.14,32.80,0.61,18.69,41.41,-34.81,8.75,-15.20,96,1000.00,*DA1016.00,
broadcasting
sending telemetry
SGP: OK
Collected data
141,224.34,36.45,47.44,19.18,195.80,21957.34,116.29,0.00,1005.71,17.07,32.88,0.61,18.69,41.41,-34.81,8.75,-15.20,95,1000.00,*201016.00,
141,224.34,36.45,47.44,19.18,195.80,21957.34,116.29,0.00,1005.71,17.07,32.88,0.61,18.69,41.41,-34.81,8.75,-15.20,95,1000.00,*201016.00,
broadcasting
sending telemetry
SGP: OK
Collected data
142,225.74,36.45,47.44,19.18,195.80,21957.34,116.29,0.00,1005.69,17.03,32.89,0.61,18.69,41.41,-34.81,8.75,-15.20,95,1000.00,*991016.00,
142,225.74,36.45,47.44,19.18,195.80,21957.34,116.29,0.00,1005.69,17.03,32.89,0.61,18.69,41.41,-34.81,8.75,-15.20,95,1000.00,*991016.00,
broadcasting
sending telemetry
SGP: OK
Collected data
143,227.14,37.09,47.44,19.18,195.80,21957.34,116.29,0.00,1005.72,16.97,32.99,0.61,18.69,41.41,-34.81,8.75,-15.20,94,1000.00,*E21016.00,
143,227.14,37.09,47.44,19.18,195.80,21957.34,116.29,0.00,1005.72,16.97,32.99,0.61,18.69,41.41,-34.81,8.75,-15.20,94,1000.00,*E21016.00,
broadcasting
sending telemetry
SGP: OK
Collected data
144,228.53,36.45,47.44,19.18,195.80,21957.34,116.29,0.00,1005.68,16.91,33.31,0.61,18.69,41.41,-34.81,8.75,-15.20,93,1000.00,*181016.00,
144,228.53,36.45,47.44,19.18,195.80,21957.34,116.29,0.00,1005.68,16.91,33.31,0.61,18.69,41.41,-34.81,8.75,-15.20,93,1000.00,*181016.00,
broadcasting
sending telemetry
SGP: OK
Collected data
145,229.93,36.45,47.44,19.18,195.80,21957.34,116.29,0.00,1005.69,16.81,33.25,0.61,18.69,41.41,-34.81,8.75,-15.20,92,1000.00,*EE1016.00,
145,229.93,36.45,47.44,19.18,195.80,21957.34,116.29,0.00,1005.69,16.81,33.25,0.61,18.69,41.41,-34.81,8.75,-15.20,92,1000.00,*EE1016.00,
broadcasting
sending telemetry
SGP: OK
Collected data
146,231.33,36.45,47.44,19.18,195.80,21957.34,116.29,0.00,1005.73,16.78,33.28,0.61,18.69,41.41,-34.81,8.75,-15.20,90,1000.00,*9D1016.00,
146,231.33,36.45,47.44,19.18,195.80,21957.34,116.29,0.00,1005.73,16.78,33.28,0.61,18.69,41.41,-34.81,8.75,-15.20,90,1000.00,*9D1016.00,
broadcasting
sending telemetry
SGP: OK
Collected data
147,232.72,36.45,47.44,19.18,195.80,21957.34,116.29,0.00,1005.69,16.73,33.27,0.61,18.69,41.41,-34.81,8.75,-15.20,89,1000.00,*251016.00,
147,232.72,36.45,47.44,19.18,195.80,21957.34,116.29,0.00,1005.69,16.73,33.27,0.61,18.69,41.41,-34.81,8.75,-15.20,89,1000.00,*251016.00,
broadcasting
sending telemetry
SGP: OK
Collected data
148,234.12,36.45,47.44,19.18,195.80,21957.34,116.29,0.00,1005.71,16.71,33.31,0.61,18.69,41.41,-34.81,8.75,-15.20,88,1000.00,*F41016.00,
148,234.12,36.45,47.44,19.18,195.80,21957.34,116.29,0.00,1005.71,16.71,33.31,0.61,18.69,41.41,-34.81,8.75,-15.20,88,1000.00,*F41016.00,
broadcasting
sending telemetry
SGP: OK
Collected data
149,235.52,36.45,47.44,19.18,195.80,21957.34,116.29,0.00,1005.71,16.66,33.26,0.61,18.69,41.41,-34.81,8.75,-15.20,86,1000.00,*261016.00,
149,235.52,36.45,47.44,19.18,195.80,21957.34,116.29,0.00,1005.71,16.66,33.26,0.61,18.69,41.41,-34.81,8.75,-15.20,86,1000.00,*261016.00,
broadcasting
sending telemetry
SGP: OK
Collected data
150,236.91,36.45,47.44,19.18,195.80,21957.34,116.29,0.00,1005.72,16.54,32.81,0.61,18.69,41.41,-34.81,8.75,-15.20,85,1000.00,*B91016.00,
150,236.91,36.45,47.44,19.18,195.80,21957.34,116.29,0.00,1005.72,16.54,32.81,0.61,18.69,41.41,-34.81,8.75,-15.20,85,1000.00,*B91016.00,
broadcasting
sending telemetry
SGP: OK
Collected data
151,238.31,36.45,47.44,19.18,195.80,21957.34,116.29,0.00,1005.74,16.49,32.58,0.61,18.69,41.41,-34.81,8.75,-15.20,83,1000.00,*4D1016.00,
151,238.31,36.45,47.44,19.18,195.80,21957.34,116.29,0.00,1005.74,16.49,32.58,0.61,18.69,41.41,-34.81,8.75,-15.20,83,1000.00,*4D1016.00,
broadcasting
sending telemetry
SGP: OK
Collected data
152,239.71,36.45,47.44,19.18,195.86,21952.33,159.37,0.00,1005.81,16.44,32.34,0.61,18.69,41.41,-34.81,8.75,-15.20,82,1000.00,*C91016.00,
152,239.71,36.45,47.44,19.18,195.86,21952.33,159.37,0.00,1005.81,16.44,32.34,0.61,18.69,41.41,-34.81,8.75,-15.20,82,1000.00,*C91016.00,
broadcasting
sending telemetry
SGP: OK
Collected data
153,241.10,36.45,47.44,19.18,195.86,21952.74,159.37,0.00,1005.77,16.46,32.15,0.61,18.69,41.41,-34.81,8.75,-15.20,81,1000.00,*F51016.00,
153,241.10,36.45,47.44,19.18,195.86,21952.74,159.37,0.00,1005.77,16.46,32.15,0.61,18.69,41.41,-34.81,8.75,-15.20,81,1000.00,*F51016.00,
broadcasting
sending telemetry
SGP: OK
Collected data
154,242.50,36.45,47.44,19.18,195.87,21955.30,105.59,0.00,1005.79,16.53,32.16,0.61,18.69,41.41,-34.81,8.75,-15.20,80,1000.00,*9D1016.00,
154,242.50,36.45,47.44,19.18,195.87,21955.30,105.59,0.00,1005.79,16.53,32.16,0.61,18.69,41.41,-34.81,8.75,-15.20,80,1000.00,*9D1016.00,
broadcasting
sending telemetry
SGP: OK
Collected data
155,243.90,36.45,47.44,19.18,195.87,21955.30,105.59,0.00,1005.78,16.58,32.27,0.61,18.69,41.41,-34.81,8.75,-15.20,78,1000.00,*B81016.00,
155,243.90,36.45,47.44,19.18,195.87,21955.30,105.59,0.00,1005.78,16.58,32.27,0.61,18.69,41.41,-34.81,8.75,-15.20,78,1000.00,*B81016.00,
broadcasting
sending telemetry
SGP: OK
Collected data
156,245.29,36.45,47.44,19.18,195.87,21955.30,105.59,0.00,1005.76,16.57,32.37,0.61,18.69,41.41,-34.81,8.75,-15.20,77,1000.00,*961016.00,
156,245.29,36.45,47.44,19.18,195.87,21955.30,105.59,0.00,1005.76,16.57,32.37,0.61,18.69,41.41,-34.81,8.75,-15.20,77,1000.00,*961016.00,
broadcasting
sending telemetry
SGP: OK
Collected data
157,246.69,37.09,47.44,19.18,195.87,21955.30,105.59,0.00,1005.76,16.51,32.43,0.61,18.69,41.41,-34.81,8.75,-15.20,76,1000.00,*B51016.00,
157,246.69,37.09,47.44,19.18,195.87,21955.30,105.59,0.00,1005.76,16.51,32.43,0.61,18.69,41.41,-34.81,8.75,-15.20,76,1000.00,*B51016.00,
broadcasting
sending telemetry
SGP: OK
Collected data
158,248.09,37.09,47.44,19.18,195.87,21955.30,105.59,0.00,1005.71,16.49,32.67,0.61,18.69,41.41,-34.81,8.75,-15.20,75,1000.00,*6C1016.00,
158,248.09,37.09,47.44,19.18,195.87,21955.30,105.59,0.00,1005.71,16.49,32.67,0.61,18.69,41.41,-34.81,8.75,-15.20,75,1000.00,*6C1016.00,
broadcasting
sending telemetry
SGP: OK
Collected data
159,249.48,37.09,47.44,19.18,195.87,21955.30,105.59,0.00,1005.73,16.48,32.77,0.61,18.69,41.41,-34.81,8.75,-15.20,75,1000.00,*D31016.00,
159,249.48,37.09,47.44,19.18,195.87,21955.30,105.59,0.00,1005.73,16.48,32.77,0.61,18.69,41.41,-34.81,8.75,-15.20,75,1000.00,*D31016.00,
broadcasting
sending telemetry
SGP: OK
Collected data
160,250.88,37.09,47.44,19.18,195.87,21955.30,105.59,0.00,1005.71,16.46,32.73,0.61,18.69,41.41,-34.81,8.75,-15.20,74,1000.00,*6C1016.00,
160,250.88,37.09,47.44,19.18,195.87,21955.30,105.59,0.00,1005.71,16.46,32.73,0.61,18.69,41.41,-34.81,8.75,-15.20,74,1000.00,*6C1016.00,
broadcasting
sending telemetry
SGP: OK
Collected data
161,252.28,37.09,47.44,19.18,195.87,21955.30,105.59,0.00,1005.71,16.51,32.80,0.61,18.69,41.41,-34.81,8.75,-15.20,74,1000.00,*FB1016.00,
161,252.28,37.09,47.44,19.18,195.87,21955.30,105.59,0.00,1005.71,16.51,32.80,0.61,18.69,41.41,-34.81,8.75,-15.20,74,1000.00,*FB1016.00,
broadcasting
sending telemetry
SGP: OK
Collected data
162,253.67,36.45,47.44,19.18,195.87,21955.30,105.59,0.00,1005.72,16.42,32.78,0.61,18.69,41.41,-34.81,8.75,-15.20,73,1000.00,*1D1016.00,
162,253.67,36.45,47.44,19.18,195.87,21955.30,105.59,0.00,1005.72,16.42,32.78,0.61,18.69,41.41,-34.81,8.75,-15.20,73,1000.00,*1D1016.00,
broadcasting
sending telemetry
SGP: OK
Collected data
163,255.07,36.45,47.44,19.18,195.87,21955.30,105.59,0.00,1005.73,16.50,33.03,0.61,18.69,41.41,-34.81,8.75,-15.20,73,1000.00,*AC1016.00,
163,255.07,36.45,47.44,19.18,195.87,21955.30,105.59,0.00,1005.73,16.50,33.03,0.61,18.69,41.41,-34.81,8.75,-15.20,73,1000.00,*AC1016.00,
broadcasting
sending telemetry
SGP: OK
Collected data
164,256.47,36.45,47.44,19.18,195.87,21955.30,105.59,0.00,1005.73,16.48,33.01,0.61,18.69,41.41,-34.81,8.75,-15.20,72,1000.00,*5C1016.00,
164,256.47,36.45,47.44,19.18,195.87,21955.30,105.59,0.00,1005.73,16.48,33.01,0.61,18.69,41.41,-34.81,8.75,-15.20,72,1000.00,*5C1016.00,
broadcasting
sending telemetry
SGP: OK
Collected data
165,257.86,36.45,47.44,19.18,195.87,21955.30,105.59,0.00,1005.70,16.46,32.88,0.61,18.69,41.41,-34.81,8.75,-15.20,72,1000.00,*8E1016.00,
165,257.86,36.45,47.44,19.18,195.87,21955.30,105.59,0.00,1005.70,16.46,32.88,0.61,18.69,41.41,-34.81,8.75,-15.20,72,1000.00,*8E1016.00,
broadcasting
sending telemetry
SGP: OK
Collected data
166,259.26,36.45,47.44,19.18,195.87,21955.30,105.59,0.00,1005.71,16.46,33.38,0.61,18.69,41.41,-34.81,8.75,-15.20,72,1000.00,*B91016.00,
166,259.26,36.45,47.44,19.18,195.87,21955.30,105.59,0.00,1005.71,16.46,33.38,0.61,18.69,41.41,-34.81,8.75,-15.20,72,1000.00,*B91016.00,
broadcasting
sending telemetry
SGP: OK
Collected data
167,260.66,36.45,47.44,19.18,195.94,21948.48,124.27,0.00,1005.67,16.50,34.06,0.61,18.69,41.41,-34.81,8.75,-15.20,71,1000.00,*AB1016.00,
167,260.66,36.45,47.44,19.18,195.94,21948.48,124.27,0.00,1005.67,16.50,34.06,0.61,18.69,41.41,-34.81,8.75,-15.20,71,1000.00,*AB1016.00,
broadcasting
sending telemetry
SGP: OK
Collected data
168,262.05,36.45,47.44,19.18,195.95,21948.15,119.30,0.00,1005.68,16.50,34.38,0.61,18.69,41.41,-34.81,8.75,-15.20,71,1000.00,*E21016.00,
168,262.05,36.45,47.44,19.18,195.95,21948.15,119.30,0.00,1005.68,16.50,34.38,0.61,18.69,41.41,-34.81,8.75,-15.20,71,1000.00,*E21016.00,
broadcasting
sending telemetry
SGP: OK
Collected data
169,263.45,36.45,47.44,19.18,195.95,21947.84,117.51,0.00,1005.72,16.51,34.46,0.61,18.69,41.41,-34.81,8.75,-15.20,71,1000.00,*531016.00,
169,263.45,36.45,47.44,19.18,195.95,21947.84,117.51,0.00,1005.72,16.51,34.46,0.61,18.69,41.41,-34.81,8.75,-15.20,71,1000.00,*531016.00,
broadcasting
sending telemetry
SGP: OK
Collected data
170,264.85,36.45,47.44,19.18,195.96,21949.02,97.12,0.00,1005.66,16.57,34.00,0.61,18.69,41.41,-34.81,8.75,-15.20,72,1000.00,*571008.00,
170,264.85,36.45,47.44,19.18,195.96,21949.02,97.12,0.00,1005.66,16.57,34.00,0.61,18.69,41.41,-34.81,8.75,-15.20,72,1000.00,*571008.00,
broadcasting
sending telemetry
SGP: OK
Collected data
171,266.24,36.45,47.44,19.18,195.96,21949.02,97.12,0.00,1005.63,16.60,33.78,0.61,18.69,41.41,-34.81,8.75,-15.20,72,1000.00,*641008.00,
171,266.24,36.45,47.44,19.18,195.96,21949.02,97.12,0.00,1005.63,16.60,33.78,0.61,18.69,41.41,-34.81,8.75,-15.20,72,1000.00,*641008.00,
broadcasting
sending telemetry
SGP: OK
Collected data
172,267.64,36.45,47.44,19.18,195.96,21949.02,97.12,0.00,1005.70,16.65,33.62,0.61,18.69,41.41,-34.81,8.75,-15.20,73,1000.00,*661008.00,
172,267.64,36.45,47.44,19.18,195.96,21949.02,97.12,0.00,1005.70,16.65,33.62,0.61,18.69,41.41,-34.81,8.75,-15.20,73,1000.00,*661008.00,
broadcasting
sending telemetry
SGP: OK
Collected data
173,269.04,37.09,47.44,19.18,195.96,21949.02,97.12,0.00,1005.67,16.79,33.78,0.61,18.69,41.41,-34.81,8.75,-15.20,73,1000.00,*411008.00,
173,269.04,37.09,47.44,19.18,195.96,21949.02,97.12,0.00,1005.67,16.79,33.78,0.61,18.69,41.41,-34.81,8.75,-15.20,73,1000.00,*411008.00,
broadcasting
sending telemetry
SGP: OK
Collected data
174,270.43,36.45,47.44,19.18,195.96,21949.02,97.12,0.00,1005.65,16.76,33.99,0.61,18.69,41.41,-34.81,8.75,-15.20,74,1000.00,*CF1008.00,
174,270.43,36.45,47.44,19.18,195.96,21949.02,97.12,0.00,1005.65,16.76,33.99,0.61,18.69,41.41,-34.81,8.75,-15.20,74,1000.00,*CF1008.00,
broadcasting
sending telemetry
SGP: OK
Collected data
175,271.83,37.09,47.44,19.18,195.96,21949.02,97.12,0.00,1005.66,16.87,35.04,0.61,18.69,41.41,-34.81,8.75,-15.20,74,1000.00,*861008.00,
175,271.83,37.09,47.44,19.18,195.96,21949.02,97.12,0.00,1005.66,16.87,35.04,0.61,18.69,41.41,-34.81,8.75,-15.20,74,1000.00,*861008.00,
broadcasting
sending telemetry
SGP: OK
Collected data
176,273.23,37.09,47.44,19.18,195.96,21949.02,97.12,0.00,1005.61,16.94,34.49,0.61,18.69,41.41,-34.81,8.75,-15.20,76,1000.00,*A21008.00,
176,273.23,37.09,47.44,19.18,195.96,21949.02,97.12,0.00,1005.61,16.94,34.49,0.61,18.69,41.41,-34.81,8.75,-15.20,76,1000.00,*A21008.00,
broadcasting
sending telemetry
SGP: OK
Collected data
177,274.62,37.09,47.44,19.18,195.96,21949.02,97.12,0.00,1005.63,16.97,34.10,0.61,18.69,41.41,-34.81,8.75,-15.20,79,1000.00,*A21008.00,
177,274.62,37.09,47.44,19.18,195.96,21949.02,97.12,0.00,1005.63,16.97,34.10,0.61,18.69,41.41,-34.81,8.75,-15.20,79,1000.00,*A21008.00,
broadcasting
sending telemetry
SGP: OK
Collected data
178,276.02,37.09,47.44,19.18,195.96,21949.02,97.12,0.00,1005.61,16.81,33.82,0.61,18.69,41.41,-34.81,8.75,-15.20,82,1000.00,*A81008.00,
178,276.02,37.09,47.44,19.18,195.96,21949.02,97.12,0.00,1005.61,16.81,33.82,0.61,18.69,41.41,-34.81,8.75,-15.20,82,1000.00,*A81008.00,
broadcasting
sending telemetry
SGP: OK
Collected data
179,277.41,36.45,47.44,19.18,195.96,21949.02,97.12,0.00,1005.65,16.73,33.15,0.61,18.69,41.41,-34.81,8.75,-15.20,87,1000.00,*F71008.00,
179,277.41,36.45,47.44,19.18,195.96,21949.02,97.12,0.00,1005.65,16.73,33.15,0.61,18.69,41.41,-34.81,8.75,-15.20,87,1000.00,*F71008.00,
broadcasting
sending telemetry
SGP: OK
Collected data
180,278.81,36.45,47.44,19.18,195.96,21949.02,97.12,0.00,1005.61,16.75,32.76,0.61,18.69,41.41,-34.81,8.75,-15.20,91,1000.00,*B71008.00,
180,278.81,36.45,47.44,19.18,195.96,21949.02,97.12,0.00,1005.61,16.75,32.76,0.61,18.69,41.41,-34.81,8.75,-15.20,91,1000.00,*B71008.00,
broadcasting
sending telemetry
SGP: OK
Collected data
181,280.21,36.45,47.44,19.18,195.96,21949.02,97.12,0.00,1005.61,16.61,32.54,0.61,18.69,41.41,-34.81,8.75,-15.20,95,1000.00,*831008.00,
181,280.21,36.45,47.44,19.18,195.96,21949.02,97.12,0.00,1005.61,16.61,32.54,0.61,18.69,41.41,-34.81,8.75,-15.20,95,1000.00,*831008.00,
broadcasting
sending telemetry
SGP: OK
Collected data
182,281.60,37.09,47.44,19.18,195.99,21961.88,13.43,0.00,1005.65,16.43,32.45,0.61,18.69,41.41,-34.81,8.75,-15.20,98,1000.00,*421008.00,
182,281.60,37.09,47.44,19.18,195.99,21961.88,13.43,0.00,1005.65,16.43,32.45,0.61,18.69,41.41,-34.81,8.75,-15.20,98,1000.00,*421008.00,
broadcasting
sending telemetry
SGP: OK
Collected data
183,283.00,36.45,47.44,19.18,195.99,21963.41,14.46,0.00,1005.66,16.29,32.45,0.61,18.69,41.41,-34.81,8.75,-15.20,101,1000.00,*E31016.00,
183,283.00,36.45,47.44,19.18,195.99,21963.41,14.46,0.00,1005.66,16.29,32.45,0.61,18.69,41.41,-34.81,8.75,-15.20,101,1000.00,*E31016.00,
broadcasting
sending telemetry
SGP: OK
Collected data
184,284.40,35.82,47.44,19.18,195.99,21964.91,17.86,0.00,1005.65,16.21,32.47,0.61,18.69,41.41,-34.81,8.75,-15.20,103,1000.00,*A81016.00,
184,284.40,35.82,47.44,19.18,195.99,21964.91,17.86,0.00,1005.65,16.21,32.47,0.61,18.69,41.41,-34.81,8.75,-15.20,103,1000.00,*A81016.00,
broadcasting
sending telemetry
SGP: OK
Collected data
185,285.79,36.45,47.44,19.18,195.99,21968.02,10.53,0.00,1005.62,16.15,32.48,0.61,18.69,41.41,-34.81,8.75,-15.20,105,1000.00,*BA1016.00,
185,285.79,36.45,47.44,19.18,195.99,21968.02,10.53,0.00,1005.62,16.15,32.48,0.61,18.69,41.41,-34.81,8.75,-15.20,105,1000.00,*BA1016.00,
broadcasting
sending telemetry
SGP: OK
Collected data
186,287.19,35.82,47.44,19.18,195.99,21968.02,10.53,0.00,1005.60,16.13,32.59,0.61,18.69,41.41,-34.81,8.75,-15.20,106,1000.00,*8E1016.00,
186,287.19,35.82,47.44,19.18,195.99,21968.02,10.53,0.00,1005.60,16.13,32.59,0.61,18.69,41.41,-34.81,8.75,-15.20,106,1000.00,*8E1016.00,
broadcasting
sending telemetry
SGP: OK
Collected data
187,288.59,36.45,47.44,19.18,195.99,21968.02,10.53,0.00,1005.62,16.10,32.63,0.61,18.69,41.41,-34.81,8.75,-15.20,106,1000.00,*991016.00,
187,288.59,36.45,47.44,19.18,195.99,21968.02,10.53,0.00,1005.62,16.10,32.63,0.61,18.69,41.41,-34.81,8.75,-15.20,106,1000.00,*991016.00,
broadcasting
sending telemetry
SGP: OK
Collected data
188,289.98,36.45,47.44,19.18,195.99,21968.02,10.53,0.00,1005.59,16.09,32.68,0.61,18.69,41.41,-34.81,8.75,-15.20,106,1000.00,*CB1016.00,
188,289.98,36.45,47.44,19.18,195.99,21968.02,10.53,0.00,1005.59,16.09,32.68,0.61,18.69,41.41,-34.81,8.75,-15.20,106,1000.00,*CB1016.00,
broadcasting
sending telemetry
SGP: OK
Collected data
189,291.38,35.82,47.44,19.18,195.99,21968.02,10.53,0.00,1005.58,16.08,33.05,0.61,18.69,41.41,-34.81,8.75,-15.20,105,1000.00,*F11016.00,
189,291.38,35.82,47.44,19.18,195.99,21968.02,10.53,0.00,1005.58,16.08,33.05,0.61,18.69,41.41,-34.81,8.75,-15.20,105,1000.00,*F11016.00,
broadcasting
sending telemetry
SGP: OK
Collected data
190,292.78,35.82,47.44,19.18,195.99,21968.02,10.53,0.00,1005.59,16.06,33.22,0.61,18.69,41.41,-34.81,8.75,-15.20,104,1000.00,*6F1016.00,
190,292.78,35.82,47.44,19.18,195.99,21968.02,10.53,0.00,1005.59,16.06,33.22,0.61,18.69,41.41,-34.81,8.75,-15.20,104,1000.00,*6F1016.00,
broadcasting
sending telemetry
SGP: OK
Collected data
191,294.17,35.82,47.44,19.18,195.99,21968.02,10.53,0.00,1005.54,16.00,33.26,0.61,18.69,41.41,-34.81,8.75,-15.20,103,1000.00,*541016.00,
191,294.17,35.82,47.44,19.18,195.99,21968.02,10.53,0.00,1005.54,16.00,33.26,0.61,18.69,41.41,-34.81,8.75,-15.20,103,1000.00,*541016.00,
broadcasting
sending telemetry
SGP: OK
Collected data
192,295.57,35.82,47.44,19.18,195.99,21968.02,10.53,0.00,1005.53,15.98,33.54,0.61,18.69,41.41,-34.81,8.75,-15.20,102,1000.00,*1D1016.00,
192,295.57,35.82,47.44,19.18,195.99,21968.02,10.53,0.00,1005.53,15.98,33.54,0.61,18.69,41.41,-34.81,8.75,-15.20,102,1000.00,*1D1016.00,
broadcasting
sending telemetry
SGP: OK
Collected data
193,296.97,35.82,47.44,19.18,195.99,21968.02,10.53,0.00,1005.52,15.98,33.87,0.61,18.69,41.41,-34.81,8.75,-15.20,100,1000.00,*821016.00,
193,296.97,35.82,47.44,19.18,195.99,21968.02,10.53,0.00,1005.52,15.98,33.87,0.61,18.69,41.41,-34.81,8.75,-15.20,100,1000.00,*821016.00,
broadcasting
sending telemetry
SGP: OK
Collected data
194,298.36,35.82,47.44,19.18,195.99,21968.02,10.53,0.00,1005.51,15.93,34.03,0.61,18.69,41.41,-34.81,8.75,-15.20,99,1000.00,*831008.00,
194,298.36,35.82,47.44,19.18,195.99,21968.02,10.53,0.00,1005.51,15.93,34.03,0.61,18.69,41.41,-34.81,8.75,-15.20,99,1000.00,*831008.00,
broadcasting
sending telemetry
SGP: OK
Collected data
195,299.76,35.82,47.44,19.18,195.99,21968.02,10.53,0.00,1005.50,15.89,33.85,0.61,18.69,41.41,-34.81,8.75,-15.20,97,1000.00,*4E1008.00,
195,299.76,35.82,47.44,19.18,195.99,21968.02,10.53,0.00,1005.50,15.89,33.85,0.61,18.69,41.41,-34.81,8.75,-15.20,97,1000.00,*4E1008.00,
broadcasting
sending telemetry
SGP: OK
Collected data
196,301.16,35.18,47.44,19.18,195.99,21968.02,10.53,0.00,1005.54,15.86,33.70,0.61,18.69,41.41,-34.81,8.75,-15.20,96,1000.00,*F51008.00,
196,301.16,35.18,47.44,19.18,195.99,21968.02,10.53,0.00,1005.54,15.86,33.70,0.61,18.69,41.41,-34.81,8.75,-15.20,96,1000.00,*F51008.00,
broadcasting
sending telemetry
SGP: OK
Collected data
197,302.55,35.82,47.44,19.18,195.95,21985.99,338.89,0.00,1005.53,15.83,33.84,0.61,18.69,41.41,-34.81,8.75,-15.20,94,1000.00,*AF1016.00,
197,302.55,35.82,47.44,19.18,195.95,21985.99,338.89,0.00,1005.53,15.83,33.84,0.61,18.69,41.41,-34.81,8.75,-15.20,94,1000.00,*AF1016.00,
broadcasting
sending telemetry
SGP: OK
Collected data
198,303.95,35.18,47.44,19.18,195.95,21987.38,334.86,0.00,1005.53,15.78,33.80,0.61,18.69,41.41,-34.81,8.75,-15.20,92,1000.00,*DD1016.00,
198,303.95,35.18,47.44,19.18,195.95,21987.38,334.86,0.00,1005.53,15.78,33.80,0.61,18.69,41.41,-34.81,8.75,-15.20,92,1000.00,*DD1016.00,
broadcasting
sending telemetry
SGP: OK
Collected data
199,305.35,35.18,47.44,19.18,195.95,21988.76,338.56,0.00,1005.50,15.72,33.81,0.61,18.69,41.41,-34.81,8.75,-15.20,91,1000.00,*A71016.00,
199,305.35,35.18,47.44,19.18,195.95,21988.76,338.56,0.00,1005.50,15.72,33.81,0.61,18.69,41.41,-34.81,8.75,-15.20,91,1000.00,*A71016.00,
broadcasting
sending telemetry
SGP: OK
Collected data
200,306.74,35.18,47.44,19.18,195.94,21991.38,345.54,0.00,1005.55,15.66,33.80,0.61,18.69,41.41,-34.81,8.75,-15.20,90,1000.00,*D41016.00,
200,306.74,35.18,47.44,19.18,195.94,21991.38,345.54,0.00,1005.55,15.66,33.80,0.61,18.69,41.41,-34.81,8.75,-15.20,90,1000.00,*D41016.00,
broadcasting
sending telemetry
SGP: OK
Collected data
201,308.14,35.18,47.44,19.18,195.94,21991.38,345.54,0.00,1005.54,15.62,33.91,0.61,18.69,41.41,-34.81,8.75,-15.20,88,1000.00,*8D1016.00,
201,308.14,35.18,47.44,19.18,195.94,21991.38,345.54,0.00,1005.54,15.62,33.91,0.61,18.69,41.41,-34.81,8.75,-15.20,88,1000.00,*8D1016.00,
broadcasting
sending telemetry
SGP: OK
Collected data
202,309.54,35.18,47.44,19.18,195.94,21991.38,345.54,0.00,1005.55,15.59,34.03,0.61,18.69,41.41,-34.81,8.75,-15.20,87,1000.00,*A71016.00,
202,309.54,35.18,47.44,19.18,195.94,21991.38,345.54,0.00,1005.55,15.59,34.03,0.61,18.69,41.41,-34.81,8.75,-15.20,87,1000.00,*A71016.00,
broadcasting
sending telemetry
SGP: OK
Collected data
203,310.93,35.18,47.44,19.18,195.94,21991.38,345.54,0.00,1005.53,15.54,34.06,0.61,18.69,41.41,-34.81,8.75,-15.20,85,1000.00,*571016.00,
203,310.93,35.18,47.44,19.18,195.94,21991.38,345.54,0.00,1005.53,15.54,34.06,0.61,18.69,41.41,-34.81,8.75,-15.20,85,1000.00,*571016.00,
broadcasting
sending telemetry
SGP: OK
Collected data
204,312.33,35.18,47.44,19.18,195.94,21991.38,345.54,0.00,1005.55,15.50,34.26,0.61,18.69,41.41,-34.81,8.75,-15.20,84,1000.00,*381016.00,
204,312.33,35.18,47.44,19.18,195.94,21991.38,345.54,0.00,1005.55,15.50,34.26,0.61,18.69,41.41,-34.81,8.75,-15.20,84,1000.00,*381016.00,
broadcasting
sending telemetry
SGP: OK
Collected data
205,313.73,35.18,47.44,19.18,195.94,21991.38,345.54,0.00,1005.58,15.51,35.34,0.61,18.69,41.41,-34.81,8.75,-15.20,82,1000.00,*AC1016.00,
205,313.73,35.18,47.44,19.18,195.94,21991.38,345.54,0.00,1005.58,15.51,35.34,0.61,18.69,41.41,-34.81,8.75,-15.20,82,1000.00,*AC1016.00,
broadcasting
sending telemetry
SGP: OK
Collected data
206,315.12,35.18,47.44,19.18,195.94,21991.38,345.54,0.00,1005.54,15.53,35.84,0.61,18.69,41.41,-34.81,8.75,-15.20,81,1000.00,*551016.00,
206,315.12,35.18,47.44,19.18,195.94,21991.38,345.54,0.00,1005.54,15.53,35.84,0.61,18.69,41.41,-34.81,8.75,-15.20,81,1000.00,*551016.00,
broadcasting
sending telemetry
SGP: OK
Collected data
207,316.52,35.18,47.44,19.18,195.94,21991.38,345.54,0.00,1005.56,15.56,35.84,0.61,18.69,41.41,-34.81,8.75,-15.20,79,1000.00,*411016.00,
207,316.52,35.18,47.44,19.18,195.94,21991.38,345.54,0.00,1005.56,15.56,35.84,0.61,18.69,41.41,-34.81,8.75,-15.20,79,1000.00,*411016.00,
broadcasting
sending telemetry
SGP: OK
Collected data
208,317.92,35.18,47.44,19.18,195.94,21991.38,345.54,0.00,1005.52,15.66,36.06,0.61,18.69,41.41,-34.81,8.75,-15.20,78,1000.00,*341016.00,
208,317.92,35.18,47.44,19.18,195.94,21991.38,345.54,0.00,1005.52,15.66,36.06,0.61,18.69,41.41,-34.81,8.75,-15.20,78,1000.00,*341016.00,
broadcasting
sending telemetry
SGP: OK
Collected data
209,319.31,35.18,47.44,19.18,195.94,21991.38,345.54,0.00,1005.55,15.68,35.68,0.61,18.69,41.41,-34.81,8.75,-15.20,78,1000.00,*391016.00,
209,319.31,35.18,47.44,19.18,195.94,21991.38,345.54,0.00,1005.55,15.68,35.68,0.61,18.69,41.41,-34.81,8.75,-15.20,78,1000.00,*391016.00,
broadcasting
sending telemetry
SGP: OK
Collected data
210,320.71,35.82,47.44,19.18,195.94,21991.38,345.54,0.00,1005.53,15.70,35.33,0.61,18.69,41.41,-34.81,8.75,-15.20,77,1000.00,*B11016.00,
210,320.71,35.82,47.44,19.18,195.94,21991.38,345.54,0.00,1005.53,15.70,35.33,0.61,18.69,41.41,-34.81,8.75,-15.20,77,1000.00,*B11016.00,
broadcasting
sending telemetry
SGP: OK
Collected data
211,322.11,35.18,47.44,19.18,195.94,21991.38,345.54,0.00,1005.59,15.72,35.19,0.61,18.69,41.41,-34.81,8.75,-15.20,77,1000.00,*D51016.00,
211,322.11,35.18,47.44,19.18,195.94,21991.38,345.54,0.00,1005.59,15.72,35.19,0.61,18.69,41.41,-34.81,8.75,-15.20,77,1000.00,*D51016.00,
broadcasting
sending telemetry
SGP: OK
Collected data
212,323.50,35.18,47.44,19.18,195.91,22013.41,331.14,0.00,1005.53,15.73,35.44,0.61,18.69,41.41,-34.81,8.75,-15.20,78,1000.00,*741016.00,
212,323.50,35.18,47.44,19.18,195.91,22013.41,331.14,0.00,1005.53,15.73,35.44,0.61,18.69,41.41,-34.81,8.75,-15.20,78,1000.00,*741016.00,
broadcasting
sending telemetry
SGP: OK
Collected data
213,324.90,35.18,47.44,19.18,195.91,22014.45,329.73,0.00,1005.57,15.77,36.16,0.61,18.69,41.41,-34.81,8.75,-15.20,78,1000.00,*9E1016.00,
213,324.90,35.18,47.44,19.18,195.91,22014.45,329.73,0.00,1005.57,15.77,36.16,0.61,18.69,41.41,-34.81,8.75,-15.20,78,1000.00,*9E1016.00,
broadcasting
sending telemetry
SGP: OK
Collected data
214,326.30,35.18,47.44,19.18,195.91,22015.64,332.06,0.00,1005.57,15.79,36.48,0.61,18.69,41.41,-34.81,8.75,-15.20,78,1000.00,*941016.00,
214,326.30,35.18,47.44,19.18,195.91,22015.64,332.06,0.00,1005.57,15.79,36.48,0.61,18.69,41.41,-34.81,8.75,-15.20,78,1000.00,*941016.00,
broadcasting
sending telemetry
SGP: OK
Collected data
215,327.69,35.82,47.44,19.18,195.90,22018.30,341.65,0.00,1005.60,15.79,36.59,0.61,18.69,41.41,-34.81,8.75,-15.20,78,1000.00,*711016.00,
215,327.69,35.82,47.44,19.18,195.90,22018.30,341.65,0.00,1005.60,15.79,36.59,0.61,18.69,41.41,-34.81,8.75,-15.20,78,1000.00,*711016.00,
broadcasting
sending telemetry
SGP: OK
Collected data
216,329.09,35.82,47.44,19.18,195.90,22018.30,341.65,0.00,1005.58,15.80,36.18,0.61,18.69,41.41,-34.81,8.75,-15.20,79,1000.00,*E41016.00,
216,329.09,35.82,47.44,19.18,195.90,22018.30,341.65,0.00,1005.58,15.80,36.18,0.61,18.69,41.41,-34.81,8.75,-15.20,79,1000.00,*E41016.00,
broadcasting
sending telemetry
SGP: OK
Collected data
217,330.49,35.82,47.44,19.18,195.90,22018.30,341.65,0.00,1005.58,15.81,36.06,0.61,18.69,41.41,-34.81,8.75,-15.20,80,1000.00,*9A1016.00,
217,330.49,35.82,47.44,19.18,195.90,22018.30,341.65,0.00,1005.58,15.81,36.06,0.61,18.69,41.41,-34.81,8.75,-15.20,80,1000.00,*9A1016.00,
broadcasting
sending telemetry
SGP: OK
Collected data
218,331.88,35.82,47.44,19.18,195.90,22018.30,341.65,0.00,1005.61,15.84,35.80,0.61,18.69,41.41,-34.81,8.75,-15.20,82,1000.00,*931016.00,
218,331.88,35.82,47.44,19.18,195.90,22018.30,341.65,0.00,1005.61,15.84,35.80,0.61,18.69,41.41,-34.81,8.75,-15.20,82,1000.00,*931016.00,
broadcasting
sending telemetry
SGP: OK
Collected data
219,333.28,35.82,47.44,19.18,195.90,22018.30,341.65,0.00,1005.60,15.81,35.41,0.61,18.69,41.41,-34.81,8.75,-15.20,84,1000.00,*BF1016.00,
219,333.28,35.82,47.44,19.18,195.90,22018.30,341.65,0.00,1005.60,15.81,35.41,0.61,18.69,41.41,-34.81,8.75,-15.20,84,1000.00,*BF1016.00,
broadcasting
sending telemetry
SGP: OK
Collected data
220,334.68,35.82,47.44,19.18,195.90,22018.30,341.65,0.00,1005.64,15.81,35.29,0.61,18.69,41.41,-34.81,8.75,-15.20,87,1000.00,*841016.00,
220,334.68,35.82,47.44,19.18,195.90,22018.30,341.65,0.00,1005.64,15.81,35.29,0.61,18.69,41.41,-34.81,8.75,-15.20,87,1000.00,*841016.00,
broadcasting
sending telemetry
SGP: OK
Collected data
221,336.07,35.18,47.44,19.18,195.90,22018.30,341.65,0.00,1005.65,15.80,35.26,0.61,18.69,41.41,-34.81,8.75,-15.20,92,1000.00,*981016.00,
221,336.07,35.18,47.44,19.18,195.90,22018.30,341.65,0.00,1005.65,15.80,35.26,0.61,18.69,41.41,-34.81,8.75,-15.20,92,1000.00,*981016.00,
broadcasting
sending telemetry
SGP: OK
Collected data
222,337.47,35.82,47.44,19.18,195.90,22018.30,341.65,0.00,1005.62,15.78,35.17,0.61,18.69,41.41,-34.81,8.75,-15.20,96,1000.00,*441016.00,
222,337.47,35.82,47.44,19.18,195.90,22018.30,341.65,0.00,1005.62,15.78,35.17,0.61,18.69,41.41,-34.81,8.75,-15.20,96,1000.00,*441016.00,
broadcasting
sending telemetry
SGP: OK
Collected data
223,338.87,35.82,47.44,19.18,195.90,22018.30,341.65,0.00,1005.62,15.74,34.99,0.61,18.69,41.41,-34.81,8.75,-15.20,102,1000.00,*F61024.00,
223,338.87,35.82,47.44,19.18,195.90,22018.30,341.65,0.00,1005.62,15.74,34.99,0.61,18.69,41.41,-34.81,8.75,-15.20,102,1000.00,*F61024.00,
broadcasting
sending telemetry
SGP: OK
Collected data
224,340.26,35.18,47.44,19.18,195.90,22018.30,341.65,0.00,1005.68,15.66,34.89,0.61,18.69,41.41,-34.81,8.75,-15.20,108,1000.00,*181024.00,
224,340.26,35.18,47.44,19.18,195.90,22018.30,341.65,0.00,1005.68,15.66,34.89,0.61,18.69,41.41,-34.81,8.75,-15.20,108,1000.00,*181024.00,
broadcasting
sending telemetry
SGP: OK
Collected data
225,341.66,35.18,47.44,19.18,195.90,22018.30,341.65,0.00,1005.63,15.62,34.94,0.61,18.69,41.41,-34.81,8.75,-15.20,116,1000.00,*C21024.00,
225,341.66,35.18,47.44,19.18,195.90,22018.30,341.65,0.00,1005.63,15.62,34.94,0.61,18.69,41.41,-34.81,8.75,-15.20,116,1000.00,*C21024.00,
broadcasting
sending telemetry
SGP: OK
Collected data
226,343.06,35.18,47.44,19.18,195.90,22018.30,341.65,0.00,1005.63,15.58,34.86,0.61,18.69,41.41,-34.81,8.75,-15.20,124,1000.00,*3F1024.00,
226,343.06,35.18,47.44,19.18,195.90,22018.30,341.65,0.00,1005.63,15.58,34.86,0.61,18.69,41.41,-34.81,8.75,-15.20,124,1000.00,*3F1024.00,
broadcasting
sending telemetry
SGP: OK
Collected data
227,344.45,35.18,47.44,19.18,195.88,22040.04,23.48,0.00,1005.66,15.51,34.68,0.61,18.69,41.41,-34.81,8.75,-15.20,134,1000.00,*431016.00,
227,344.45,35.18,47.44,19.18,195.88,22040.04,23.48,0.00,1005.66,15.51,34.68,0.61,18.69,41.41,-34.81,8.75,-15.20,134,1000.00,*431016.00,
broadcasting
sending telemetry
SGP: OK
Collected data
228,345.85,35.18,47.44,19.18,195.87,22042.80,327.13,0.00,1005.66,15.48,34.54,0.61,18.69,41.41,-34.81,8.75,-15.20,144,1000.00,*681024.00,
228,345.85,35.18,47.44,19.18,195.87,22042.80,327.13,0.00,1005.66,15.48,34.54,0.61,18.69,41.41,-34.81,8.75,-15.20,144,1000.00,*681024.00,
broadcasting
sending telemetry
SGP: OK
Collected data
229,347.25,34.55,47.44,19.18,195.87,22042.95,312.64,0.00,1005.67,15.42,34.45,0.61,18.69,41.41,-34.81,8.75,-15.20,155,1000.00,*7E1024.00,
229,347.25,34.55,47.44,19.18,195.87,22042.95,312.64,0.00,1005.67,15.42,34.45,0.61,18.69,41.41,-34.81,8.75,-15.20,155,1000.00,*7E1024.00,
broadcasting
sending telemetry
SGP: OK
Collected data
230,348.64,34.55,47.44,19.18,195.86,22044.32,307.62,0.00,1005.68,15.39,34.46,0.61,18.69,41.41,-34.81,8.75,-15.20,166,1000.00,*181024.00,
230,348.64,34.55,47.44,19.18,195.86,22044.32,307.62,0.00,1005.68,15.39,34.46,0.61,18.69,41.41,-34.81,8.75,-15.20,166,1000.00,*181024.00,
broadcasting
sending telemetry
SGP: OK
Collected data
231,350.04,34.55,47.44,19.18,195.86,22044.32,307.62,0.00,1005.72,15.39,34.61,0.61,18.69,41.41,-34.81,8.75,-15.20,179,1000.00,*8E1024.00,
231,350.04,34.55,47.44,19.18,195.86,22044.32,307.62,0.00,1005.72,15.39,34.61,0.61,18.69,41.41,-34.81,8.75,-15.20,179,1000.00,*8E1024.00,
broadcasting
sending telemetry
SGP: OK
Collected data
232,351.44,34.55,47.44,19.18,195.86,22044.32,307.62,0.00,1005.71,15.37,34.58,0.61,18.69,41.41,-34.81,8.75,-15.20,191,1000.00,*2A1024.00,
232,351.44,34.55,47.44,19.18,195.86,22044.32,307.62,0.00,1005.71,15.37,34.58,0.61,18.69,41.41,-34.81,8.75,-15.20,191,1000.00,*2A1024.00,
broadcasting
sending telemetry
SGP: OK
Collected data
233,352.83,34.55,47.44,19.18,195.86,22044.32,307.62,0.00,1005.71,15.33,34.53,0.61,18.69,41.41,-34.81,8.75,-15.20,203,1000.00,*551024.00,
233,352.83,34.55,47.44,19.18,195.86,22044.32,307.62,0.00,1005.71,15.33,34.53,0.61,18.69,41.41,-34.81,8.75,-15.20,203,1000.00,*551024.00,
broadcasting
sending telemetry
SGP: OK
Collected data
234,354.23,34.55,47.44,19.18,195.86,22044.32,307.62,0.00,1005.68,15.28,34.45,0.61,18.69,41.41,-34.81,8.75,-15.20,215,1000.00,*9E1024.00,
234,354.23,34.55,47.44,19.18,195.86,22044.32,307.62,0.00,1005.68,15.28,34.45,0.61,18.69,41.41,-34.81,8.75,-15.20,215,1000.00,*9E1024.00,
broadcasting
sending telemetry
SGP: OK
Collected data
235,355.63,33.91,47.44,19.18,195.86,22044.32,307.62,0.00,1005.73,15.24,34.44,0.61,18.69,41.41,-34.81,8.75,-15.20,227,1000.00,*AB1024.00,
235,355.63,33.91,47.44,19.18,195.86,22044.32,307.62,0.00,1005.73,15.24,34.44,0.61,18.69,41.41,-34.81,8.75,-15.20,227,1000.00,*AB1024.00,
broadcasting
sending telemetry
SGP: OK
Collected data
236,357.02,34.55,47.44,19.18,195.86,22044.32,307.62,0.00,1005.79,15.18,34.40,0.61,18.69,41.41,-34.81,8.75,-15.20,239,1000.00,*671024.00,
236,357.02,34.55,47.44,19.18,195.86,22044.32,307.62,0.00,1005.79,15.18,34.40,0.61,18.69,41.41,-34.81,8.75,-15.20,239,1000.00,*671024.00,
broadcasting
sending telemetry
SGP: OK
Collected data
237,358.42,33.91,47.44,19.18,195.86,22044.32,307.62,0.00,1005.80,15.06,34.35,0.61,18.69,41.41,-34.81,8.75,-15.20,251,1000.00,*501024.00,
237,358.42,33.91,47.44,19.18,195.86,22044.32,307.62,0.00,1005.80,15.06,34.35,0.61,18.69,41.41,-34.81,8.75,-15.20,251,1000.00,*501024.00,
broadcasting
sending telemetry
SGP: OK
Collected data
238,359.82,33.91,47.44,19.18,195.86,22044.32,307.62,0.00,1005.83,15.03,34.29,0.61,18.69,41.41,-34.81,8.75,-15.20,262,1000.00,*C51024.00,
238,359.82,33.91,47.44,19.18,195.86,22044.32,307.62,0.00,1005.83,15.03,34.29,0.61,18.69,41.41,-34.81,8.75,-15.20,262,1000.00,*C51024.00,
broadcasting
sending telemetry
SGP: OK
Collected data
239,361.21,33.91,47.44,19.18,195.86,22044.32,307.62,0.00,1005.85,14.97,34.31,0.61,18.69,41.41,-34.81,8.75,-15.20,273,1000.00,*D41024.00,
239,361.21,33.91,47.44,19.18,195.86,22044.32,307.62,0.00,1005.85,14.97,34.31,0.61,18.69,41.41,-34.81,8.75,-15.20,273,1000.00,*D41024.00,
broadcasting
sending telemetry
SGP: OK
Collected data
240,362.61,33.91,47.44,19.18,195.86,22044.32,307.62,0.00,1005.83,14.87,34.34,0.61,18.69,41.41,-34.81,8.75,-15.20,284,1000.00,*B61024.00,
240,362.61,33.91,47.44,19.18,195.86,22044.32,307.62,0.00,1005.83,14.87,34.34,0.61,18.69,41.41,-34.81,8.75,-15.20,284,1000.00,*B61024.00,
broadcasting
sending telemetry
SGP: OK
Collected data
241,364.01,33.27,47.44,19.18,195.86,22044.32,307.62,0.00,1005.82,14.83,34.38,0.61,18.69,41.41,-34.81,8.75,-15.20,293,1000.00,*9A1024.00,
241,364.01,33.27,47.44,19.18,195.86,22044.32,307.62,0.00,1005.82,14.83,34.38,0.61,18.69,41.41,-34.81,8.75,-15.20,293,1000.00,*9A1024.00,
broadcasting
sending telemetry
SGP: OK
Collected data
242,365.41,33.91,47.44,19.18,195.86,22044.32,307.62,0.00,1005.82,14.83,34.59,0.61,18.69,41.41,-34.81,8.75,-15.20,302,1000.00,*751024.00,
242,365.41,33.91,47.44,19.18,195.86,22044.32,307.62,0.00,1005.82,14.83,34.59,0.61,18.69,41.41,-34.81,8.75,-15.20,302,1000.00,*751024.00,
broadcasting
sending telemetry
SGP: OK
Collected data
243,366.80,33.91,47.44,19.18,195.80,22055.89,315.78,0.00,1005.89,14.81,34.56,0.61,18.69,41.41,-34.81,8.75,-15.20,311,1000.00,*DC1024.00,
243,366.80,33.91,47.44,19.18,195.80,22055.89,315.78,0.00,1005.89,14.81,34.56,0.61,18.69,41.41,-34.81,8.75,-15.20,311,1000.00,*DC1024.00,
broadcasting
sending telemetry
SGP: OK
Collected data
244,368.20,33.27,47.44,19.18,195.79,22056.37,309.98,0.00,1005.83,14.73,34.57,0.61,18.69,41.41,-34.81,8.75,-15.20,318,1000.00,*2F1024.00,
244,368.20,33.27,47.44,19.18,195.79,22056.37,309.98,0.00,1005.83,14.73,34.57,0.61,18.69,41.41,-34.81,8.75,-15.20,318,1000.00,*2F1024.00,
broadcasting
sending telemetry
SGP: OK
Collected data
245,369.60,33.27,47.44,19.18,195.78,22057.66,316.34,0.00,1005.89,14.72,34.61,0.61,18.69,41.41,-34.81,8.75,-15.20,325,1000.00,*941024.00,
245,369.60,33.27,47.44,19.18,195.78,22057.66,316.34,0.00,1005.89,14.72,34.61,0.61,18.69,41.41,-34.81,8.75,-15.20,325,1000.00,*941024.00,
broadcasting
sending telemetry
SGP: OK
Collected data
246,370.99,33.27,47.44,19.18,195.78,22057.66,316.34,0.00,1005.89,14.73,34.73,0.61,18.69,41.41,-34.81,8.75,-15.20,330,1000.00,*291024.00,
246,370.99,33.27,47.44,19.18,195.78,22057.66,316.34,0.00,1005.89,14.73,34.73,0.61,18.69,41.41,-34.81,8.75,-15.20,330,1000.00,*291024.00,
broadcasting
sending telemetry
SGP: OK
Collected data
247,372.39,33.91,47.44,19.18,195.78,22057.66,316.34,0.00,1005.85,14.76,34.94,0.61,18.69,41.41,-34.81,8.75,-15.20,333,1000.00,*291024.00,
247,372.39,33.91,47.44,19.18,195.78,22057.66,316.34,0.00,1005.85,14.76,34.94,0.61,18.69,41.41,-34.81,8.75,-15.20,333,1000.00,*291024.00,
broadcasting
sending telemetry
SGP: OK
Collected data
248,373.79,33.91,47.44,19.18,195.78,22057.66,316.34,0.00,1005.88,14.89,35.16,0.61,18.69,41.41,-34.81,8.75,-15.20,335,1000.00,*591024.00,
248,373.79,33.91,47.44,19.18,195.78,22057.66,316.34,0.00,1005.88,14.89,35.16,0.61,18.69,41.41,-34.81,8.75,-15.20,335,1000.00,*591024.00,
broadcasting
sending telemetry
SGP: OK
Collected data
249,375.18,33.91,47.44,19.18,195.78,22057.66,316.34,0.00,1005.86,15.03,35.23,0.61,18.69,41.41,-34.81,8.75,-15.20,336,1000.00,*451024.00,
249,375.18,33.91,47.44,19.18,195.78,22057.66,316.34,0.00,1005.86,15.03,35.23,0.61,18.69,41.41,-34.81,8.75,-15.20,336,1000.00,*451024.00,
broadcasting
sending telemetry
SGP: OK
Collected data
250,376.58,33.91,47.44,19.18,195.78,22057.66,316.34,0.00,1005.87,15.16,35.18,0.61,18.69,41.41,-34.81,8.75,-15.20,335,1000.00,*501024.00,
250,376.58,33.91,47.44,19.18,195.78,22057.66,316.34,0.00,1005.87,15.16,35.18,0.61,18.69,41.41,-34.81,8.75,-15.20,335,1000.00,*501024.00,
broadcasting
sending telemetry
SGP: OK
Collected data
251,377.98,34.55,47.44,19.18,195.78,22057.66,316.34,0.00,1005.88,15.30,34.97,0.61,18.69,41.41,-34.81,8.75,-15.20,332,1000.00,*A21024.00,
251,377.98,34.55,47.44,19.18,195.78,22057.66,316.34,0.00,1005.88,15.30,34.97,0.61,18.69,41.41,-34.81,8.75,-15.20,332,1000.00,*A21024.00,
broadcasting
sending telemetry
SGP: OK
Collected data
252,379.37,34.55,47.44,19.18,195.78,22057.66,316.34,0.00,1005.81,15.38,34.68,0.61,18.69,41.41,-34.81,8.75,-15.20,329,1000.00,*E11024.00,
252,379.37,34.55,47.44,19.18,195.78,22057.66,316.34,0.00,1005.81,15.38,34.68,0.61,18.69,41.41,-34.81,8.75,-15.20,329,1000.00,*E11024.00,
broadcasting
sending telemetry
SGP: OK
Collected data
253,380.77,34.55,47.44,19.18,195.78,22057.66,316.34,0.00,1005.79,15.46,34.55,0.61,18.69,41.41,-34.81,8.75,-15.20,325,1000.00,*5C1024.00,
253,380.77,34.55,47.44,19.18,195.78,22057.66,316.34,0.00,1005.79,15.46,34.55,0.61,18.69,41.41,-34.81,8.75,-15.20,325,1000.00,*5C1024.00,
broadcasting
sending telemetry
SGP: OK
Collected data
254,382.17,34.55,47.44,19.18,195.78,22057.66,316.34,0.00,1005.80,15.50,34.52,0.61,18.69,41.41,-34.81,8.75,-15.20,320,1000.00,*751024.00,
254,382.17,34.55,47.44,19.18,195.78,22057.66,316.34,0.00,1005.80,15.50,34.52,0.61,18.69,41.41,-34.81,8.75,-15.20,320,1000.00,*751024.00,
broadcasting
sending telemetry
SGP: OK
Collected data
255,383.56,34.55,47.44,19.18,195.78,22057.66,316.34,0.00,1005.77,15.58,34.44,0.61,18.69,41.41,-34.81,8.75,-15.20,314,1000.00,*531024.00,
255,383.56,34.55,47.44,19.18,195.78,22057.66,316.34,0.00,1005.77,15.58,34.44,0.61,18.69,41.41,-34.81,8.75,-15.20,314,1000.00,*531024.00,
broadcasting
sending telemetry
SGP: OK
Collected data
256,384.96,34.55,47.44,19.18,195.78,22057.66,316.34,0.00,1005.72,15.56,34.45,0.61,18.69,41.41,-34.81,8.75,-15.20,308,1000.00,*C21024.00,
256,384.96,34.55,47.44,19.18,195.78,22057.66,316.34,0.00,1005.72,15.56,34.45,0.61,18.69,41.41,-34.81,8.75,-15.20,308,1000.00,*C21024.00,
broadcasting
sending telemetry
SGP: OK
Collected data
257,386.36,35.18,47.44,19.18,195.78,22057.66,316.34,0.00,1005.69,15.51,34.70,0.61,18.69,41.41,-34.81,8.75,-15.20,302,1000.00,*B71024.00,
257,386.36,35.18,47.44,19.18,195.78,22057.66,316.34,0.00,1005.69,15.51,34.70,0.61,18.69,41.41,-34.81,8.75,-15.20,302,1000.00,*B71024.00,
broadcasting
sending telemetry
SGP: OK
Collected data
258,387.76,34.55,47.44,19.18,195.81,22075.66,70.96,0.00,1005.54,15.54,34.81,0.61,18.69,41.41,-34.81,8.75,-15.20,294,1000.00,*CD1016.00,
258,387.76,34.55,47.44,19.18,195.81,22075.66,70.96,0.00,1005.54,15.54,34.81,0.61,18.69,41.41,-34.81,8.75,-15.20,294,1000.00,*CD1016.00,
broadcasting
sending telemetry
SGP: OK
Collected data
259,389.15,34.55,47.44,19.18,195.82,22076.06,75.24,0.00,1005.60,15.46,34.66,0.61,18.69,41.41,-34.81,8.75,-15.20,286,1000.00,*771016.00,
259,389.15,34.55,47.44,19.18,195.82,22076.06,75.24,0.00,1005.60,15.46,34.66,0.61,18.69,41.41,-34.81,8.75,-15.20,286,1000.00,*771016.00,
broadcasting
sending telemetry
SGP: OK
Collected data
260,390.55,34.55,47.44,19.18,195.82,22077.02,73.76,0.00,1005.55,15.35,34.75,0.61,18.69,41.41,-34.81,8.75,-15.20,278,1000.00,*A71016.00,
260,390.55,34.55,47.44,19.18,195.82,22077.02,73.76,0.00,1005.55,15.35,34.75,0.61,18.69,41.41,-34.81,8.75,-15.20,278,1000.00,*A71016.00,
broadcasting
sending telemetry
SGP: OK
Collected data
261,391.95,34.55,47.44,19.18,195.82,22077.02,73.76,0.00,1005.48,15.29,34.99,0.61,18.69,41.41,-34.81,8.75,-15.20,270,1000.00,*C91016.00,
261,391.95,34.55,47.44,19.18,195.82,22077.02,73.76,0.00,1005.48,15.29,34.99,0.61,18.69,41.41,-34.81,8.75,-15.20,270,1000.00,*C91016.00,
broadcasting
sending telemetry
SGP: OK
Collected data
262,393.34,34.55,47.44,19.18,195.82,22077.02,73.76,0.00,1005.50,15.21,35.19,0.61,18.69,41.41,-34.81,8.75,-15.20,261,1000.00,*3E1016.00,
262,393.34,34.55,47.44,19.18,195.82,22077.02,73.76,0.00,1005.50,15.21,35.19,0.61,18.69,41.41,-34.81,8.75,-15.20,261,1000.00,*3E1016.00,
broadcasting
sending telemetry
SGP: OK
Collected data
263,394.74,34.55,47.44,19.18,195.82,22077.02,73.76,0.00,1005.49,15.17,35.55,0.61,18.69,41.41,-34.81,8.75,-15.20,252,1000.00,*6B1016.00,
263,394.74,34.55,47.44,19.18,195.82,22077.02,73.76,0.00,1005.49,15.17,35.55,0.61,18.69,41.41,-34.81,8.75,-15.20,252,1000.00,*6B1016.00,
broadcasting
sending telemetry
SGP: OK
Collected data
264,396.14,34.55,47.44,19.18,195.82,22077.02,73.76,0.00,1005.50,15.19,36.15,0.61,18.69,41.41,-34.81,8.75,-15.20,243,1000.00,*921016.00,
264,396.14,34.55,47.44,19.18,195.82,22077.02,73.76,0.00,1005.50,15.19,36.15,0.61,18.69,41.41,-34.81,8.75,-15.20,243,1000.00,*921016.00,
broadcasting
sending telemetry
SGP: OK
Collected data
265,397.53,33.91,47.44,19.18,195.82,22077.02,73.76,0.00,1005.47,15.22,36.51,0.61,18.69,41.41,-34.81,8.75,-15.20,234,1000.00,*331016.00,
265,397.53,33.91,47.44,19.18,195.82,22077.02,73.76,0.00,1005.47,15.22,36.51,0.61,18.69,41.41,-34.81,8.75,-15.20,234,1000.00,*331016.00,
broadcasting
sending telemetry
SGP: OK
Collected data
266,398.93,34.55,47.44,19.18,195.82,22077.02,73.76,0.00,1005.52,15.33,37.60,0.61,18.69,41.41,-34.81,8.75,-15.20,225,1000.00,*B01016.00,
266,398.93,34.55,47.44,19.18,195.82,22077.02,73.76,0.00,1005.52,15.33,37.60,0.61,18.69,41.41,-34.81,8.75,-15.20,225,1000.00,*B01016.00,
broadcasting
sending telemetry
SGP: OK
Collected data
267,400.33,34.55,47.44,19.18,195.82,22077.02,73.76,0.00,1005.48,15.43,38.38,0.61,18.69,41.41,-34.81,8.75,-15.20,216,1000.00,*881016.00,
267,400.33,34.55,47.44,19.18,195.82,22077.02,73.76,0.00,1005.48,15.43,38.38,0.61,18.69,41.41,-34.81,8.75,-15.20,216,1000.00,*881016.00,
broadcasting
sending telemetry
SGP: OK
Collected data
268,401.72,34.55,47.44,19.18,195.82,22077.02,73.76,0.00,1005.50,15.53,38.99,0.61,18.69,41.41,-34.81,8.75,-15.20,208,1000.00,*D91016.00,
268,401.72,34.55,47.44,19.18,195.82,22077.02,73.76,0.00,1005.50,15.53,38.99,0.61,18.69,41.41,-34.81,8.75,-15.20,208,1000.00,*D91016.00,
broadcasting
sending telemetry
SGP: OK
Collected data
269,403.12,34.55,47.44,19.18,195.82,22077.02,73.76,0.00,1005.50,15.65,39.48,0.61,18.69,41.41,-34.81,8.75,-15.20,200,1000.00,*131016.00,
269,403.12,34.55,47.44,19.18,195.82,22077.02,73.76,0.00,1005.50,15.65,39.48,0.61,18.69,41.41,-34.81,8.75,-15.20,200,1000.00,*131016.00,
broadcasting
sending telemetry
SGP: OK
Collected data
270,404.52,34.55,47.44,19.18,195.82,22077.02,73.76,0.00,1005.49,15.76,39.77,0.61,18.69,41.41,-34.81,8.75,-15.20,193,1000.00,*301016.00,
270,404.52,34.55,47.44,19.18,195.82,22077.02,73.76,0.00,1005.49,15.76,39.77,0.61,18.69,41.41,-34.81,8.75,-15.20,193,1000.00,*301016.00,
broadcasting
sending telemetry
SGP: OK
Collected data
271,405.91,35.18,47.44,19.18,195.82,22077.02,73.76,0.00,1005.44,15.83,40.09,0.61,18.69,41.41,-34.81,8.75,-15.20,186,1000.00,*151016.00,
271,405.91,35.18,47.44,19.18,195.82,22077.02,73.76,0.00,1005.44,15.83,40.09,0.61,18.69,41.41,-34.81,8.75,-15.20,186,1000.00,*151016.00,
broadcasting
sending telemetry
SGP: OK
Collected data
272,407.31,34.55,47.44,19.18,195.82,22077.02,73.76,0.00,1005.33,15.94,40.80,0.61,18.69,41.41,-34.81,8.75,-15.20,179,1000.00,*FC1016.00,
272,407.31,34.55,47.44,19.18,195.82,22077.02,73.76,0.00,1005.33,15.94,40.80,0.61,18.69,41.41,-34.81,8.75,-15.20,179,1000.00,*FC1016.00,
broadcasting
sending telemetry
SGP: OK
Collected data
273,408.70,35.18,47.45,19.18,195.83,22080.71,73.76,0.00,1005.23,16.02,41.13,0.61,18.69,41.41,-34.81,8.75,-15.20,172,1000.00,*881016.00,
273,408.70,35.18,47.45,19.18,195.83,22080.71,73.76,0.00,1005.23,16.02,41.13,0.61,18.69,41.41,-34.81,8.75,-15.20,172,1000.00,*881016.00,
broadcasting
sending telemetry
SGP: OK
Collected data
274,410.10,35.18,47.45,19.18,195.83,22081.70,73.76,0.00,1005.22,16.09,41.26,0.61,18.69,41.41,-34.81,8.75,-15.20,166,1000.00,*C31016.00,
274,410.10,35.18,47.45,19.18,195.83,22081.70,73.76,0.00,1005.22,16.09,41.26,0.61,18.69,41.41,-34.81,8.75,-15.20,166,1000.00,*C31016.00,
broadcasting
sending telemetry
SGP: OK
Collected data
275,411.50,35.18,47.45,19.18,195.83,22082.61,73.76,0.00,1005.19,16.19,41.34,0.61,18.69,41.41,-34.81,8.75,-15.20,161,1000.00,*441016.00,
275,411.50,35.18,47.45,19.18,195.83,22082.61,73.76,0.00,1005.19,16.19,41.34,0.61,18.69,41.41,-34.81,8.75,-15.20,161,1000.00,*441016.00,
broadcasting
sending telemetry
SGP: OK
Collected data
276,412.89,35.18,47.45,19.18,195.84,22083.56,73.76,0.00,1005.12,16.29,41.46,0.61,18.69,41.41,-34.81,8.75,-15.20,156,1000.00,*A41016.00,
276,412.89,35.18,47.45,19.18,195.84,22083.56,73.76,0.00,1005.12,16.29,41.46,0.61,18.69,41.41,-34.81,8.75,-15.20,156,1000.00,*A41016.00,
broadcasting
sending telemetry
SGP: OK
Collected data
277,414.29,35.18,47.45,19.18,195.84,22083.56,73.76,0.00,1005.02,16.37,41.67,0.61,18.69,41.41,-34.81,8.75,-15.20,151,1000.00,*531016.00,
277,414.29,35.18,47.45,19.18,195.84,22083.56,73.76,0.00,1005.02,16.37,41.67,0.61,18.69,41.41,-34.81,8.75,-15.20,151,1000.00,*531016.00,
